0.0,0.0,1.0,0.0,1.0,0.0,-1.0,0.0,0.0,0.0,0.0,0.5,0.0
0.0,0.0,1.0,0.0,1.0,0.0,-1.0,0.0,0.0,7.673176000439584e-09,3.91357786554324e-09,0.4999999945932217,0.0
0.0,0.0,1.0,0.0,1.0,0.0,-1.0,0.0,0.0,6.12701230688423e-08,3.1249823729782106e-08,0.49999995682700726,0.0
0.0,0.0,1.0,0.0,1.0,0.0,-1.0,0.0,0.0,2.0639796886241023e-07,1.0526990680087835e-07,0.49999985456503826,0.0
0.0,0.0,1.0,0.0,1.0,0.0,-1.0,0.0,0.0,4.883192000641683e-07,2.490592177973537e-07,0.4999996559138417,0.0
-1.9066632558087251e-06,0.0,0.9999999999981823,0.0,1.0,0.0,-0.9999999999981823,0.0,-1.9066632558087251e-06,9.519518899388781e-07,4.855278111581271e-07,0.499999329221272,0.0
-3.288504707200346e-06,0.0,0.9999999999945929,0.0,1.0,0.0,-0.9999999999945929,0.0,-3.288504707200346e-06,1.6418718604150746e-06,8.374108472525511e-07,0.4999988430777376,0.0
-5.212173310484612e-06,0.0,0.9999999999864166,0.0,1.0,0.0,-0.9999999999864166,0.0,-5.212173310484612e-06,2.6023118870497065e-06,1.3272690345904486e-06,0.4999981663132316,0.0
-7.765581426484826e-06,0.0,0.9999999999698479,0.0,1.0,0.0,-0.9999999999698479,0.0,-7.765581426484826e-06,3.877163223945991e-06,1.9774890720321507e-06,0.49999726799765415,0.0
-1.1035959818252555e-05,0.0,0.9999999999391038,0.0,1.0,0.0,-0.9999999999391038,0.0,-1.1035959818252555e-05,5.5099761237713985e-06,2.8102840909985325e-06,0.4999961174397095,0.0
-1.5109859387594533e-05,0.0,0.9999999998858461,0.0,1.0,0.0,-0.9999999998858461,0.0,-1.5109859387594533e-05,7.543960501270576e-06,3.847694097681049e-06,0.4999946841860059,0.0
-2.0073152911582426e-05,0.0,0.9999999997985343,0.0,1.0,0.0,-0.9999999997985343,0.0,-2.0073152911582426e-05,1.0021986572787841e-05,5.1115864152517745e-06,0.49999293802012207,0.0
-2.6011036779038618e-05,0.0,0.9999999996617129,0.0,1.0,0.0,-0.9999999996617129,0.0,-2.6011036779038618e-05,1.2986585472459788e-05,6.6236561260734395e-06,0.49999084896164026,0.0
-3.300803272698965e-05,0.0,0.9999999994552349,0.0,1.0,0.0,-0.9999999994552349,0.0,-3.300803272698965e-05,1.6479949845894117e-05,8.40542651390946e-06,0.49998838726514766,0.0
-4.114798957707759e-05,0.0,0.9999999991534215,0.0,1.0,0.0,-0.9999999991534215,0.0,-4.114798957707759e-05,2.054393442175939e-05,1.0478249506133987e-05,0.4999855234192062,0.0
-5.051408497191725e-05,0.0,0.9999999987241636,0.0,1.0,0.0,-0.9999999987241636,0.0,-5.051408497191725e-05,2.5220056562295316e-05,1.2863306115941943e-05,0.49998222814529264,0.0
-6.11888271113859e-05,0.0,0.9999999981279637,0.0,1.0,0.0,-0.9999999981279637,0.0,-6.11888271113859e-05,3.0549496793439816e-05,1.5581606884559027e-05,0.4999784723967099,0.0
-7.325405648883024e-05,0.0,0.9999999973169216,0.0,1.0,0.0,-0.9999999973169216,0.0,-7.325405648883024e-05,3.6573099314565364e-05,1.8653992323451802e-05,0.49997422735746944,0.0
-8.679094762717272e-05,0.0,0.9999999962336656,0.0,1.0,0.0,-0.9999999962336656,0.0,-8.679094762717272e-05,4.333137248949514e-05,2.2101133356537714e-05,0.49996946444114704,0.0
-0.00010188001081489772,0.0,0.9999999948102317,0.0,1.0,0.0,-0.9999999948102317,0.0,-0.00010188001081489772,5.0864489318711126e-05,2.594353176239508e-05,0.49996415528971233,0.0
-0.00011860109384189623,0.0,0.9999999929668902,0.0,1.0,0.0,-0.9999999929668902,0.0,-0.00011860109384189623,5.9212287893446605e-05,3.0201520616473198e-05,0.49995827177233254,0.0
-0.0001370333837351449,0.0,0.9999999906109258,0.0,1.0,0.0,-0.9999999906109258,0.0,-0.0001370333837351449,6.841427183290074e-05,3.489526473330237e-05,0.49995178598415246,0.0
-0.00015725540849419276,0.0,0.9999999876353681,0.0,1.0,0.0,-0.9999999876353681,0.0,-0.00015725540849419276,7.850961070424965e-05,4.004476110870386e-05,0.49994467024505046,0.0
-0.00017934503882642848,0.0,0.9999999839176784,0.0,1.0,0.0,-0.9999999839176784,0.0,-0.00017934503882642848,8.953714042692441e-05,4.566983936200007e-05,0.4999368970983718,0.0
-0.0002033794898820956,0.0,0.9999999793183914,0.0,1.0,0.0,-0.9999999793183914,0.0,-0.0002033794898820956,0.00010153536366106183,5.179016217822444e-05,0.49992843930964065,0.0
-0.00022943532298902417,0.0,0.9999999736797159,0.0,1.0,0.0,-0.9999999736797159,0.0,-0.00022943532298902417,0.00011454245018140106,5.842522575033155e-05,0.4999192698652508,0.0
-0.00025758844738704245,0.0,0.9999999668240953,0.0,1.0,0.0,-0.9999999668240953,0.0,-0.00025758844738704245,0.00012859623723656871,6.559436022140717e-05,0.49990936197113683,0.0
-0.0002879141219620311,0.0,0.9999999585527283,0.0,1.0,0.0,-0.9999999585527283,0.0,-0.0002879141219620311,0.00014373422989471054,7.331673012687828e-05,0.4998986890514256,0.0
-0.00032048695697957873,0.0,0.9999999486440538,0.0,1.0,0.0,-0.9999999486440538,0.0,-0.00032048695697957873,0.00015999360137591742,8.161133483672309e-05,0.49988722474706987,0.0
-0.00035538091581819773,0.0,0.9999999368522003,0.0,1.0,0.0,-0.9999999368522003,0.0,-0.00035538091581819773,0.00017741119337197234,9.049700899768116e-05,0.4998749429144641,0.0
-0.0003926693167020529,0.0,0.9999999229054009,0.0,1.0,0.0,-0.9999999229054009,0.0,-0.0003926693167020529,0.00019602351635397998,9.999242297546311e-05,0.49986181762404386,0.0
-0.00043242483443315895,0.0,0.9999999065043769,0.0,1.0,0.0,-0.9999999065043769,0.0,-0.00043242483443315895,0.00021586674986860023,0.00011011608329696134,0.4998478231588693,0.0
-0.000474719502122992,0.0,0.9999998873206908,0.0,1.0,0.0,-0.9999998873206908,0.0,-0.000474719502122992,0.00023697674282297375,0.0001208863330924592,0.49983293401319345,0.0
-0.000519624712923469,0.0,0.9999998649950698,0.0,1.0,0.0,-0.9999998649950698,0.0,-0.000519624712923469,0.0002593890137592944,0.00013232135253784185,0.49981712489101643,0.0
-0.0005672112217572327,0.0,0.999999839135702,0.0,1.0,0.0,-0.999999839135702,0.0,-0.0005672112217572327,0.0002831387511193096,0.00014443915929680565,0.499800370704626,0.0
-0.0006175491470471947,0.0,0.9999998093165073,0.0,1.0,0.0,-0.9999998093165073,0.0,-0.0006175491470471947,0.0003082608134994271,0.0001572576089630685,0.49978264657312577,0.0
-0.0006707079724452697,0.0,0.9999997750753825,0.0,1.0,0.0,-0.9999997750753825,0.0,-0.0006707079724452697,0.0003347897298965134,0.00017079439550258009,0.4997639278209508,0.0
-0.0007267565485602416,0.0,0.9999997359124246,0.0,1.0,0.0,-0.9999997359124246,0.0,-0.0007267565485602416,0.00036275969994556363,0.00018506705169573132,0.4997441899763728,0.0
-0.0007857630946847011,0.0,0.9999996912881318,0.0,1.0,0.0,-0.9999996912881318,0.0,-0.0007857630946847011,0.000392204594148901,0.00020009294957956485,0.4997234087699942,0.0
-0.0008477952005209869,0.0,0.9999996406215844,0.0,1.0,0.0,-0.9999996406215844,0.0,-0.0008477952005209869,0.0004231579540980436,0.00021588930088998505,0.49970156013323297,0.0
-0.000912919827906059,0.0,0.999999583288607,0.0,1.0,0.0,-0.999999583288607,0.0,-0.000912919827906059,0.00045565299268828137,0.0002324731575039681,0.4996786201967978,0.0
-0.000981203312535241,0.0,0.9999995186199139,0.0,1.0,0.0,-0.9999995186199139,0.0,-0.000981203312535241,0.0004897225943267892,0.0002498614118817714,0.49965456528915614,0.0
-0.0010527113656847577,0.0,0.9999994458992367,0.0,1.0,0.0,-0.9999994458992367,0.0,-0.0010527113656847577,0.0005253993151341256,0.00026807079750914485,0.4996293719349933,0.0
-0.0011275090759329876,0.0,0.9999993643614399,0.0,1.0,0.0,-0.9999993643614399,0.0,-0.0011275090759329876,0.0005627153831403616,0.00028711788933953944,0.4996030168536657,0.0
-0.0012056609108803658,0.0,0.9999992731906199,0.0,1.0,0.0,-0.9999992731906199,0.0,-0.0012056609108803658,0.0006017026984753031,0.0003070191042363183,0.4995754769576472,0.0
-0.001287230718867853,0.0,0.9999991715181951,0.0,1.0,0.0,-0.9999991715181951,0.0,-0.001287230718867853,0.0006423928335543655,0.00032779070141496664,0.4995467293509705,0.0
-0.001372281730693889,0.0,0.9999990584209825,0.0,1.0,0.0,-0.9999990584209825,0.0,-0.001372281730693889,0.0006848170332592369,0.0003494487828853012,0.499516751327663,0.0
-0.00146087656132976,0.0,0.999998932919267,0.0,1.0,0.0,-0.999998932919267,0.0,-0.00146087656132976,0.0007290062151150567,0.0003720092938936809,0.49948552037017946,0.0
-0.0015530772116332857,0.0,0.9999987939748601,0.0,1.0,0.0,-0.9999987939748601,0.0,-0.0015530772116332857,0.0007749909694630434,0.00039548802336521655,0.4994530141478297,0.0
-0.0016489450700607512,0.0,0.9999986404891539,0.0,1.0,0.0,-0.9999986404891539,0.0,-0.0016489450700607512,0.0008228015596306058,0.00041990060434598104,0.4994192105152047,0.0
-0.001748540914376994,0.0,0.9999984713011669,0.0,1.0,0.0,-0.9999984713011669,0.0,-0.001748540914376994,0.0008724679220977599,0.0004452625144452191,0.49938408751059965,0.0
-0.0018519249133635604,0.0,0.9999982851855873,0.0,1.0,0.0,-0.9999982851855873,0.0,-0.0018519249133635604,0.0009240196666613718,0.0004715890762775576,0.4993476233544355,0.0
-0.001959156628524848,0.0,0.9999980808508109,0.0,1.0,0.0,-0.9999980808508109,0.0,-0.001959156628524848,0.0009774860765969099,0.0004988954579052163,0.4993097964476796,0.0
-0.0020702950157921326,0.0,0.9999978569369774,0.0,1.0,0.0,-0.9999978569369774,0.0,-0.0020702950157921326,0.00103289610881832,0.0005271966732802162,0.49927058537026564,0.0
-0.0021853984272254,0.0,0.9999976120140059,0.0,1.0,0.0,-0.9999976120140059,0.0,-0.0021853984272254,0.001090278394036535,0.0005565075826865901,0.4992299688795139,0.0
-0.002304524612712906,0.0,0.9999973445796291,0.0,1.0,0.0,-0.9999973445796291,0.0,-0.002304524612712906,0.0011496612369164539,0.0005868428931825947,0.49918792590855193,0.0
-0.0024277307216683274,0.0,0.9999970530574293,0.0,1.0,0.0,-0.9999970530574293,0.0,-0.0024277307216683274,0.0012110726162334634,0.0006182171590429173,0.4991444355647374,0.0
-0.0025550733047254664,0.0,0.9999967357948762,0.0,1.0,0.0,-0.9999967357948762,0.0,-0.0025550733047254664,0.0012745401850291305,0.0006506447822008888,0.4990994771280814,0.0
-0.002686608315430369,0.0,0.9999963910613675,0.0,1.0,0.0,-0.9999963910613675,0.0,-0.002686608315430369,0.0013400912707666143,0.0006841400126906918,0.49905303004967533,0.0
-0.002822391111930794,0.0,0.9999960170462737,0.0,1.0,0.0,-0.9999960170462737,0.0,-0.002822391111930794,0.0014077528754865957,0.0007187169490895705,0.49900507395012034,0.0
-0.002962476458662932,0.0,0.999995611856988,0.0,1.0,0.0,-0.999995611856988,0.0,-0.002962476458662932,0.00147755167596312,0.0007543895389600434,0.49895558861796013,0.0
-0.0031069185280352524,0.0,0.9999951735169826,0.0,1.0,0.0,-0.9999951735169826,0.0,-0.0031069185280352524,0.0015495140238605848,0.0007911715792921095,0.49890455400811834,0.0
-0.0032557709021094304,0.0,0.9999946999638712,0.0,1.0,0.0,-0.9999946999638712,0.0,-0.0032557709021094304,0.0016236659458913783,0.0008290767169454624,0.4988519502403395,0.0
-0.0034090865742782074,0.0,0.9999941890474809,0.0,1.0,0.0,-0.9999941890474809,0.0,-0.0034090865742782074,0.0017000331439752298,0.0008681184490916959,0.49879775759763656,0.0
-0.0035669179509401406,0.0,0.9999936385279314,0.0,1.0,0.0,-0.9999936385279314,0.0,-0.0035669179509401406,0.001778640995399661,0.0009083101236565182,0.4987419565247421,0.0
-0.0037293168531710944,0.0,0.9999930460737257,0.0,1.0,0.0,-0.9999930460737257,0.0,-0.0037293168531710944,0.0018595145529827972,0.0009496649397619597,0.4986845276265677,0.0
-0.003896334518392414,0.0,0.9999924092598508,0.0,1.0,0.0,-0.9999924092598508,0.0,-0.003896334518392414,0.0019426785452380322,0.000992195948168582,0.49862545166666805,0.0
-0.004068021602035683,0.0,0.9999917255658896,0.0,1.0,0.0,-0.9999917255658896,0.0,-0.004068021602035683,0.002028157376541059,0.0010359160517176918,0.49856470956571325,0.0
-0.004244428179203934,0.0,0.9999909923741471,0.0,1.0,0.0,-0.9999909923741471,0.0,-0.004244428179203934,0.00211597512729996,0.0010808380057735461,0.4985022823999685,0.0
-0.004425603746329278,0.0,0.9999902069677885,0.0,1.0,0.0,-0.9999902069677885,0.0,-0.004425603746329278,0.0022061555541277415,0.0011269744186655675,0.4984381513997814,0.0
-0.004611597222826783,0.0,0.9999893665289918,0.0,1.0,0.0,-0.9999893665289918,0.0,-0.004611597222826783,0.002298722090018333,0.0011743377521305476,0.49837229794807764,0.0
-0.004802456952744595,0.0,0.9999884681371166,0.0,1.0,0.0,-0.9999884681371166,0.0,-0.004802456952744595,0.002393697844526034,0.001222940321754865,0.4983047035788663,0.0
-0.004998230706410107,0.0,0.9999875087668872,0.0,1.0,0.0,-0.9999875087668872,0.0,-0.004998230706410107,0.0024911056039483718,0.001272794297416688,0.49823534997575375,0.0
-0.005198965682072186,0.0,0.9999864852865946,0.0,1.0,0.0,-0.9999864852865946,0.0,-0.005198965682072186,0.002590967831513315,0.0013239117037281887,0.49816421897046786,0.0
-0.0054047085075392826,0.0,0.9999853944563133,0.0,1.0,0.0,-0.9999853944563133,0.0,-0.0054047085075392826,0.0026933066675699498,0.0013763044204777534,0.4980912925413915,0.0
-0.005615505241813379,0.0,0.9999842329261392,0.0,1.0,0.0,-0.9999842329261392,0.0,-0.005615505241813379,0.0027981439297842916,0.001429984183072189,0.49801655281210827,0.0
-0.005831401376719674,0.0,0.9999829972344447,0.0,1.0,0.0,-0.9999829972344447,0.0,-0.005831401376719674,0.002905501113338992,0.0014849625829789375,0.4979399820499574,0.0
-0.006052441838531906,0.0,0.9999816838061542,0.0,1.0,0.0,-0.9999816838061542,0.0,-0.006052441838531906,0.0030153993911382873,0.0015412510681682835,0.49786156266460124,0.0
-0.006278670989593231,0.0,0.9999802889510395,0.0,1.0,0.0,-0.9999802889510395,0.0,-0.006278670989593231,0.0031278596140175583,0.0015988609435555632,0.4977812772066043,0.0
-0.006510132629932601,0.0,0.9999788088620382,0.0,1.0,0.0,-0.9999788088620382,0.0,-0.006510132629932601,0.003242902310958538,0.0016578033714433789,0.4976991083660243,0.0
-0.006746869998876468,0.0,0.9999772396135915,0.0,1.0,0.0,-0.9999772396135915,0.0,-0.006746869998876468,0.0033605476893095705,0.0017180893719638028,0.49761503897101583,0.0
-0.006988925776655865,0.0,0.9999755771600066,0.0,1.0,0.0,-0.9999755771600066,0.0,-0.006988925776655865,0.0034808156350115173,0.0017797298235205925,0.4975290519864471,0.0
-0.007236342086008632,0.0,0.9999738173338412,0.0,1.0,0.0,-0.9999738173338412,0.0,-0.007236342086008632,0.003603725712829616,0.0018427354632313962,0.49744113051252964,0.0
-0.007489160493776863,0.0,0.9999719558443119,0.0,1.0,0.0,-0.9999719558443119,0.0,-0.007489160493776863,0.0037292971665910586,0.0019071168873699706,0.49735125778346195,0.0
-0.007747422012499315,0.0,0.9999699882757284,0.0,1.0,0.0,-0.9999699882757284,0.0,-0.007747422012499315,0.0038575489194290916,0.00197288455180838,0.4972594171660872,0.0
-0.008011167101998888,0.0,0.9999679100859507,0.0,1.0,0.0,-0.9999679100859507,0.0,-0.008011167101998888,0.0039884995740329275,0.0020400487724592147,0.4971655921585646,0.0
-0.008280435670964969,0.0,0.9999657166048739,0.0,1.0,0.0,-0.9999657166048739,0.0,-0.008280435670964969,0.004122167412904704,0.0021086197257177987,0.4970697663890562,0.0
-0.008555267078530606,0.0,0.9999634030329385,0.0,1.0,0.0,-0.9999634030329385,0.0,-0.008555267078530606,0.004258570398622802,0.0021786074489043984,0.4969719236144282,0.0
-0.00883570013584447,0.0,0.9999609644396672,0.0,1.0,0.0,-0.9999609644396672,0.0,-0.00883570013584447,0.004397726174111943,0.0022500218407064338,0.4968720477189676,0.0
-0.009121773107637503,0.0,0.9999583957622301,0.0,1.0,0.0,-0.9999583957622301,0.0,-0.009121773107637503,0.004539652062920661,0.0023228726616206894,0.49677012271311427,0.0
-0.009413523713784174,0.0,0.9999556918040369,0.0,1.0,0.0,-0.9999556918040369,0.0,-0.009413523713784174,0.00468436506950543,0.0023971695343955224,0.49666613273220916,0.0
-0.009710989130858317,0.0,0.9999528472333584,0.0,1.0,0.0,-0.9999528472333584,0.0,-0.009710989130858317,0.004831881879522619,0.0024729219444730734,0.49656006203525865,0.0
-0.010014205993683465,0.0,0.9999498565819769,0.0,1.0,0.0,-0.9999498565819769,0.0,-0.010014205993683465,0.004982218860127552,0.002550139240431475,0.4964518950037151,0.0
-0.010323210396877648,0.0,0.9999467142438649,0.0,1.0,0.0,-0.9999467142438649,0.0,-0.010323210396877648,0.005135392060281183,0.0026288306344270686,0.49634161614027406,0.0
-0.010638037896392514,0.0,0.9999434144738966,0.0,1.0,0.0,-0.9999434144738966,0.0,-0.010638037896392514,0.005291417211064966,0.002709005202636604,0.49622921006768883,0.0
-0.01095872351104684,0.0,0.9999399513865862,0.0,1.0,0.0,-0.9999399513865862,0.0,-0.01095872351104684,0.005450309726002954,0.0027906718856994563,0.4961146615276019,0.0
-0.011285301724054314,0.0,0.9999363189548608,0.0,1.0,0.0,-0.9999363189548608,0.0,-0.011285301724054314,0.005612084701392547,0.0028738394891598368,0.495997955379394,0.0
-0.01161780648454549,0.0,0.9999325110088618,0.0,1.0,0.0,-0.9999325110088618,0.0,-0.01161780648454549,0.005776756916642943,0.002958516683908996,0.49587907659905067,0.0
-0.01195627120908401,0.0,0.9999285212347805,0.0,1.0,0.0,-0.9999285212347805,0.0,-0.01195627120908401,0.00594434083462234,0.003044712006627443,0.49575801027804745,0.0
-0.012300728783176873,0.0,0.9999243431737237,0.0,1.0,0.0,-0.9999243431737237,0.0,-0.012300728783176873,0.006114850602013043,0.0031324338602271456,0.4956347416222521,0.0
-0.012651211562778906,0.0,0.9999199702206141,0.0,1.0,0.0,-0.9999199702206141,0.0,-0.012651211562778906,0.006288300049675618,0.0032216905142937505,0.4955092559508461,0.0
-0.013007751375791188,0.0,0.9999153956231225,0.0,1.0,0.0,-0.9999153956231225,0.0,-0.013007751375791188,0.006464702693021466,0.0033124901055287866,0.4953815386952649,0.0
-0.013370379523553582,0.0,0.9999106124806337,0.0,1.0,0.0,-0.9999106124806337,0.0,-0.013370379523553582,0.006644071732394155,0.0034048406381918745,0.4952515753981561,0.0
-0.013739126782331227,0.0,0.9999056137432468,0.0,1.0,0.0,-0.9999056137432468,0.0,-0.013739126782331227,0.006826420053459857,0.0034987499845429435,0.49511935171235744,0.0
-0.014114023404794979,0.0,0.9999003922108086,0.0,1.0,0.0,-0.9999003922108086,0.0,-0.014114023404794979,0.007011760227606541,0.003594225885284431,0.4949848533998934,0.0
-0.014495099121495856,0.0,0.9998949405319831,0.0,1.0,0.0,-0.9998949405319831,0.0,-0.014495099121495856,0.007200104512352697,0.0036912759500035025,0.494848066330992,0.0
-0.014882383142333344,0.0,0.9998892512033544,0.0,1.0,0.0,-0.9998892512033544,0.0,-0.014882383142333344,0.007391464851764794,0.00378990765761426,0.49470897648312023,0.0
-0.0152759041580176,0.0,0.999883316568566,0.0,1.0,0.0,-0.999883316568566,0.0,-0.0152759041580176,0.007585852876884672,0.003890128356799941,0.4945675699400399,0.0
-0.01567569034152562,0.0,0.9998771288174946,0.0,1.0,0.0,-0.9998771288174946,0.0,-0.01567569034152562,0.00778327990616569,0.003991945266455145,0.494423832890883,0.0
-0.016081769349551203,0.0,0.9998706799854609,0.0,1.0,0.0,-0.9998706799854609,0.0,-0.016081769349551203,0.007983756945919199,0.0040953654761280356,0.4942777516292472,0.0
-0.016494168323948774,0.0,0.9998639619524754,0.0,1.0,0.0,-0.9998639619524754,0.0,-0.016494168323948774,0.008187294690769993,0.004200395946462544,0.4941293125523119,0.0
-0.016912913893171184,0.0,0.9998569664425218,0.0,1.0,0.0,-0.9998569664425218,0.0,-0.016912913893171184,0.008393903524122025,0.004307043509640593,0.4939785021599741,0.0
-0.017338032173701227,0.0,0.9998496850228756,0.0,1.0,0.0,-0.9998496850228756,0.0,-0.017338032173701227,0.008603593518633577,0.004415314869824295,0.49382530705400485,0.0
-0.01776954877147713,0.0,0.9998421091034615,0.0,1.0,0.0,-0.9998421091034615,0.0,-0.01776954877147713,0.008816374436702626,0.004525216603598172,0.4936697139372268,0.0
-0.018207488783311822,0.0,0.9998342299362458,0.0,1.0,0.0,-0.9998342299362458,0.0,-0.018207488783311822,0.009032255730962002,0.004636755160411352,0.4935117096127118,0.0
-0.01865187679830621,0.0,0.9998260386146686,0.0,1.0,0.0,-0.9998260386146686,0.0,-0.01865187679830621,0.00925124654478499,0.004749936863019797,0.49335128098299963,0.0
-0.019102736899256203,0.0,0.9998175260731119,0.0,1.0,0.0,-0.9998175260731119,0.0,-0.019102736899256203,0.009473355712800918,0.004864767907928499,0.49318841504933825,0.0
-0.01956009266405374,0.0,0.9998086830864061,0.0,1.0,0.0,-0.9998086830864061,0.0,-0.01956009266405374,0.009698591761420815,0.004981254365833687,0.4930230989109437,0.0
-0.02002396716708177,0.0,0.9997995002693748,0.0,1.0,0.0,-0.9997995002693748,0.0,-0.02002396716708177,0.009926962909373917,0.0050994021820650595,0.49285531976428254,0.0
-0.02049438298060309,0.0,0.9997899680764177,0.0,1.0,0.0,-0.9997899680764177,0.0,-0.02049438298060309,0.01015847706825432,0.0052192171770279695,0.49268506490237496,0.0
-0.02097136217614328,0.0,0.9997800768011318,0.0,1.0,0.0,-0.9997800768011318,0.0,-0.02097136217614328,0.010393141843078081,0.00534070504664565,0.49251232171411896,0.0
-0.021454926325867544,0.0,0.9997698165759714,0.0,1.0,0.0,-0.9997698165759714,0.0,-0.021454926325867544,0.010630964532851188,0.005463871362801411,0.49233707768363644,0.0
-0.021945096503951746,0.0,0.9997591773719471,0.0,1.0,0.0,-0.9997591773719471,0.0,-0.021945096503951746,0.010871952131148015,0.005588721573780865,0.4921593203896403,0.0
-0.022441893287947403,0.0,0.9997481489983627,0.0,1.0,0.0,-0.9997481489983627,0.0,-0.022441893287947403,0.011116111326700455,0.005715261004714129,0.4919790375048231,0.0
-0.022945336760140895,0.0,0.9997367211025929,0.0,1.0,0.0,-0.9997367211025929,0.0,-0.022945336760140895,0.011363448503998133,0.005843494858018028,0.49179621679526775,0.0
-0.02345544650890685,0.0,0.9997248831698988,0.0,1.0,0.0,-0.9997248831698988,0.0,-0.02345544650890685,0.011613969743899397,0.005973428213838314,0.4916108461198793,0.0
-0.023972241630055766,0.0,0.9997126245232828,0.0,1.0,0.0,-0.9997126245232828,0.0,-0.023972241630055766,0.011867680824253,0.00610506603049188,0.4914229134298386,0.0
-0.024495740728175956,0.0,0.9996999343233839,0.0,1.0,0.0,-0.9996999343233839,0.0,-0.024495740728175956,0.01212458722053131,0.006238413144908963,0.4912324067680775,0.0
-0.025025961917969703,0.0,0.9996868015684114,0.0,1.0,0.0,-0.9996868015684114,0.0,-0.025025961917969703,0.01238469410647407,0.0063734742730753415,0.49103931426877606,0.0
-0.025562922825584113,0.0,0.9996732150941192,0.0,1.0,0.0,-0.9996732150941192,0.0,-0.025562922825584113,0.012648006354743852,0.006510254010474578,0.4908436241568812,0.0
-0.02610664058993616,0.0,0.9996591635738192,0.0,1.0,0.0,-0.9996591635738192,0.0,-0.02610664058993616,0.01291452853759228,0.0066487568325302,0.49064532474764755,0.0
-0.026657131864032443,0.0,0.9996446355184344,0.0,1.0,0.0,-0.9996446355184344,0.0,-0.026657131864032443,0.013184264927537685,0.006788987095047914,0.49044440444619947,0.0
-0.02721441281628362,0.0,0.9996296192765923,0.0,1.0,0.0,-0.9996296192765923,0.0,-0.02721441281628362,0.013457219498054248,0.006930949034657834,0.4902408517471152,0.0
-0.027778499131813402,0.0,0.9996141030347581,0.0,1.0,0.0,-0.9996141030347581,0.0,-0.027778499131813402,0.01373339592427231,0.007074646769256675,0.490034655234033,0.0
-0.028349406013762443,0.0,0.9995980748174073,0.0,1.0,0.0,-0.9995980748174073,0.0,-0.028349406013762443,0.014012797583690262,0.007220084298449964,0.4898258035792787,0.0
-0.028927148184587127,0.0,0.9995815224872391,0.0,1.0,0.0,-0.9995815224872391,0.0,-0.028927148184587127,0.014295427556897913,0.007367265503994257,0.4896142855435149,0.0
-0.029511739887353238,0.0,0.9995644337454296,0.0,1.0,0.0,-0.9995644337454296,0.0,-0.029511739887353238,0.014581288628311522,0.007516194150239339,0.4894000899754126,0.0
-0.03010319488702482,0.0,0.9995467961319239,0.0,1.0,0.0,-0.9995467961319239,0.0,-0.03010319488702482,0.014870383286920096,0.007666873884570451,0.4891832058113438,0.0
-0.030701526471748068,0.0,0.9995285970257702,0.0,1.0,0.0,-0.9995285970257702,0.0,-0.030701526471748068,0.015162713727043935,0.007819308237850476,0.488963622075096,0.0
-0.031306747454130625,0.0,0.9995098236454923,0.0,1.0,0.0,-0.9995098236454923,0.0,-0.031306747454130625,0.015458281849104319,0.007973500624862172,0.48874132787760877,0.0
-0.031918870172516135,0.0,0.9994904630495031,0.0,1.0,0.0,-0.9994904630495031,0.0,-0.031918870172516135,0.015757089260405432,0.008129454344750372,0.48851631241673127,0.0
-0.03253790649225441,0.0,0.999470502136557,0.0,1.0,0.0,-0.999470502136557,0.0,-0.03253790649225441,0.016059137275927733,0.008287172581464192,0.4882885649770018,0.0
-0.03316386780696698,0.0,0.9994499276462439,0.0,1.0,0.0,-0.9994499276462439,0.0,-0.03316386780696698,0.016364426919133413,0.008446658404199238,0.48805807492944864,0.0
-0.033796765039808684,0.0,0.9994287261595216,0.0,1.0,0.0,-0.9994287261595216,0.0,-0.033796765039808684,0.016672958922783792,0.008607914767839833,0.4878248317314126,0.0
-0.034436608644724816,0.0,0.9994068840992892,0.0,1.0,0.0,-0.9994068840992892,0.0,-0.034436608644724816,0.01698473372976853,0.008770944513401206,0.48758882492639055,0.0
-0.035083408607704335,0.0,0.9993843877309996,0.0,1.0,0.0,-0.9993843877309996,0.0,-0.035083408607704335,0.017299751493946903,0.008935750368471716,0.4873500441439006,0.0
-0.035737174448029235,0.0,0.999361223163312,0.0,1.0,0.0,-0.999361223163312,0.0,-0.035737174448029235,0.017618012081001215,0.009102334947655057,0.4871084790993683,0.0
-0.036397915219520044,0.0,0.9993373763487847,0.0,1.0,0.0,-0.9993373763487847,0.0,-0.036397915219520044,0.017939515069302206,0.009270700753012466,0.48686411959403425,0.0
-0.03706563951177777,0.0,0.9993128330846066,0.0,1.0,0.0,-0.9993128330846066,0.0,-0.03706563951177777,0.018264259750786563,0.009440850174504946,0.48661695551488265,0.0
-0.03774035545142221,0.0,0.9992875790133691,0.0,1.0,0.0,-0.9992875790133691,0.0,-0.03774035545142221,0.018592245131846753,0.009612785490435444,0.48636697683459074,0.0
-0.03842207070332714,0.0,0.9992615996238765,0.0,1.0,0.0,-0.9992615996238765,0.0,-0.03842207070332714,0.018923469934232846,0.009786508867891109,0.48611417361149917,0.0
-0.03911079247185207,0.0,0.9992348802519975,0.0,1.0,0.0,-0.9992348802519975,0.0,-0.03911079247185207,0.01925793259596693,0.009962022363185457,0.4858585359896034,0.0
-0.03980652750207102,0.0,0.9992074060815537,0.0,1.0,0.0,-0.9992074060815537,0.0,-0.03980652750207102,0.019595631272269407,0.0101393279223006,0.4856000541985655,0.0
-0.04050928208099852,0.0,0.9991791621452492,0.0,1.0,0.0,-0.9991791621452492,0.0,-0.04050928208099852,0.019936563836497948,0.010318427381329475,0.4853387185537465,0.0
-0.04121906203881268,0.0,0.9991501333256382,0.0,1.0,0.0,-0.9991501333256382,0.0,-0.04121906203881268,0.020280727881098668,0.010499322466918017,0.48507451945625957,0.0
-0.041935872750075716,0.0,0.9991203043561319,0.0,1.0,0.0,-0.9991203043561319,0.0,-0.041935872750075716,0.02062812071856968,0.010682014796707384,0.48480744739304305,0.0
-0.04265971913495218,0.0,0.9990896598220437,0.0,1.0,0.0,-0.9990896598220437,0.0,-0.04265971913495218,0.020978739382437103,0.010866505879776183,0.4845374929369541,0.0
-0.04339060566042485,0.0,0.9990581841616741,0.0,1.0,0.0,-0.9990581841616741,0.0,-0.04339060566042485,0.021332580628243746,0.011052797117082663,0.4842646467468821,0.0
-0.04412853634150849,0.0,0.9990258616674326,0.0,1.0,0.0,-0.9990258616674326,0.0,-0.04412853634150849,0.02168964093454975,0.01124088980190693,0.4839888995678821,0.0
-0.044873514742461755,0.0,0.9989926764869991,0.0,1.0,0.0,-0.9989926764869991,0.0,-0.044873514742461755,0.02204991650394647,0.011430785120293146,0.48371024223132847,0.0
-0.04562554397799744,0.0,0.998958612624523,0.0,1.0,0.0,-0.998958612624523,0.0,-0.04562554397799744,0.022413403264082327,0.01162248415149176,0.4834286656550874,0.0
-0.04638462671449106,0.0,0.9989236539418602,0.0,1.0,0.0,-0.9989236539418602,0.0,-0.04638462671449106,0.02278009686870152,0.011815987868401708,0.4831441608437096,0.0
-0.04715076517118808,0.0,0.9988877841598482,0.0,1.0,0.0,-0.9988877841598482,0.0,-0.04715076517118808,0.023149992698695367,0.012011297138012614,0.4828567188886421,0.0
-0.04792396112141004,0.0,0.9988509868596184,0.0,1.0,0.0,-0.9988509868596184,0.0,-0.04792396112141004,0.023523085863166114,0.01220841272184701,0.48256633096845913,0.0
-0.048704215893759624,0.0,0.9988132454839463,0.0,1.0,0.0,-0.9988132454839463,0.0,-0.048704215893759624,0.023899371200503762,0.012407335276402543,0.48227298834911264,0.0
-0.04949153037332499,0.0,0.9987745433386387,0.0,1.0,0.0,-0.9987745433386387,0.0,-0.04949153037332499,0.02427884327947511,0.012608065353594206,0.4819766823842004,0.0
-0.05028590500288332,0.0,0.9987348635939576,0.0,1.0,0.0,-0.9987348635939576,0.0,-0.05028590500288332,0.024661496400325895,0.0128106034011965,0.4816774045152543,0.0
-0.05108733978410419,0.0,0.9986941892860814,0.0,1.0,0.0,-0.9986941892860814,0.0,-0.05108733978410419,0.025047324595895495,0.013014949763285683,0.4813751462720463,0.0
-0.051895834278752655,0.0,0.9986525033186029,0.0,1.0,0.0,-0.9986525033186029,0.0,-0.051895834278752655,0.02543632163274457,0.01322110468068198,0.48106989927291277,0.0
-0.05271138760989218,0.0,0.9986097884640626,0.0,1.0,0.0,-0.9986097884640626,0.0,-0.05271138760989218,0.025828481012295273,0.013429068291391767,0.48076165522509734,0.0
-0.05353399846308797,0.0,0.9985660273655188,0.0,1.0,0.0,-0.9985660273655188,0.0,-0.05353399846308797,0.02622379597198427,0.013638840631049795,0.48045040592511107,0.0
-0.05436366508761067,0.0,0.9985212025381545,0.0,1.0,0.0,-0.9985212025381545,0.0,-0.05436366508761067,0.026622259486428997,0.013850421633361427,0.4801361432591114,0.0
-0.055200385297640465,0.0,0.9984752963709177,0.0,1.0,0.0,-0.9984752963709177,0.0,-0.055200385297640465,0.027023864268606115,0.014063811130544793,0.4798188592032977,0.0
-0.05604415647347233,0.0,0.9984282911281996,0.0,1.0,0.0,-0.9984282911281996,0.0,-0.05604415647347233,0.027428602771043434,0.014279008853773046,0.47949854582432483,0.0
-0.056894975562722085,0.0,0.9983801689515459,0.0,1.0,0.0,-0.9983801689515459,0.0,-0.056894975562722085,0.02783646718702421,0.014496014433616545,0.47917519527973335,0.0
-0.05775283908153378,0.0,0.998330911861404,0.0,1.0,0.0,-0.998330911861404,0.0,-0.05775283908153378,0.028247449451804726,0.014714827400485091,0.47884879981839723,0.0
-0.05861774311578856,0.0,0.9982805017589051,0.0,1.0,0.0,-0.9982805017589051,0.0,-0.05861774311578856,0.028661541243844707,0.014935447185070101,0.47851935178098814,0.0
-0.059489683322315315,0.0,0.9982289204276795,0.0,1.0,0.0,-0.9982289204276795,0.0,-0.059489683322315315,0.029078733986050345,0.015157873118786865,0.47818684360045605,0.0
-0.06036865493010293,0.0,0.998176149535707,0.0,1.0,0.0,-0.998176149535707,0.0,-0.06036865493010293,0.029499018847030715,0.015382104434216696,0.4778512678025264,0.0
-0.06125465274151517,0.0,0.9981221706372003,0.0,1.0,0.0,-0.9981221706372003,0.0,-0.06125465274151517,0.029922386742366785,0.015608140265549214,0.4775126170062133,0.0
-0.06214767113350742,0.0,0.9980669651745224,0.0,1.0,0.0,-0.9980669651745224,0.0,-0.06214767113350742,0.03034882833589351,0.01583597964902448,0.4771708839243484,0.0
-0.06304770405884641,0.0,0.9980105144801372,0.0,1.0,0.0,-0.9980105144801372,0.0,-0.06304770405884641,0.030778334040995024,0.016065621523375255,0.47682606136412614,0.0
-0.06395474504733266,0.0,0.9979527997785921,0.0,1.0,0.0,-0.9979527997785921,0.0,-0.06395474504733266,0.031210894021912496,0.016297064730269217,0.47647814222766316,0.0
-0.06486878720702566,0.0,0.9978938021885343,0.0,1.0,0.0,-0.9978938021885343,0.0,-0.06486878720702566,0.03164649819506524,0.016530308014751107,0.4761271195125742,0.0
-0.06578982322547292,0.0,0.9978335027247587,0.0,1.0,0.0,-0.9978335027247587,0.0,-0.06578982322547292,0.032085136230384656,0.01676535002568502,0.4757729863125621,0.0
-0.06671784537094212,0.0,0.9977718823002877,0.0,1.0,0.0,-0.9977718823002877,0.0,-0.06671784537094212,0.03252679755266127,0.017002189316196566,0.47541573581802266,0.0
-0.06765284549365709,0.0,0.9977089217284826,0.0,1.0,0.0,-0.9977089217284826,0.0,-0.06765284549365709,0.03297147134290452,0.017240824344115103,0.4750553613166641,0.0
-0.06859481502703782,0.0,0.9976446017251868,0.0,1.0,0.0,-0.9976446017251868,0.0,-0.06859481502703782,0.03341914653971595,0.01748125347241591,0.4746918561941407,0.0
-0.06954374498894475,0.0,0.9975789029108989,0.0,1.0,0.0,-0.9975789029108989,0.0,-0.06954374498894475,0.03386981184067488,0.01772347496966244,0.4743252139347004,0.0
-0.07049962598292743,0.0,0.9975118058129775,0.0,1.0,0.0,-0.9975118058129775,0.0,-0.07049962598292743,0.034323455703737536,0.017967487010448518,0.47395542812184577,0.0
-0.07146244819947797,0.0,0.9974432908678753,0.0,1.0,0.0,-0.9974432908678753,0.0,-0.07146244819947797,0.034780066348648886,0.01821328767584054,0.4735824924390088,0.0
-0.07243220141728936,0.0,0.9973733384234036,0.0,1.0,0.0,-0.9973733384234036,0.0,-0.07243220141728936,0.03523963175836745,0.018460874953819685,0.4732064006702389,0.0
-0.07340887500451902,0.0,0.9973019287410262,0.0,1.0,0.0,-0.9973019287410262,0.0,-0.07340887500451902,0.03570213968050332,0.01871024673972414,0.47282714670090353,0.0
-0.07439245792005776,0.0,0.9972290419981823,0.0,1.0,0.0,-0.9972290419981823,0.0,-0.07439245792005776,0.03616757762876876,0.018961400836691282,0.4724447245184014,0.0
-0.07538293871480449,0.0,0.9971546582906385,0.0,1.0,0.0,-0.9971546582906385,0.0,-0.07538293871480449,0.036635932884442245,0.019214334956099925,0.47205912821288876,0.0
-0.07638030553294667,0.0,0.997078757634869,0.0,1.0,0.0,-0.997078757634869,0.0,-0.07638030553294667,0.037107192497844985,0.019469046718012504,0.47167035197801666,0.0
-0.07738454611324706,0.0,0.9970013199704636,0.0,1.0,0.0,-0.9970013199704636,0.0,-0.07738454611324706,0.03758134328983074,0.019725533651617284,0.4712783901116812,0.0
-0.07839564779033682,0.0,0.9969223251625642,0.0,1.0,0.0,-0.9969223251625642,0.0,-0.07839564779033682,0.038058371853288336,0.019983793195670573,0.4708832370167846,0.0
-0.07941359749601538,0.0,0.9968417530043276,0.0,1.0,0.0,-0.9968417530043276,0.0,-0.07941359749601538,0.03853826455465733,0.020243822698938964,0.4704848872020077,0.0
-0.08043838176055688,0.0,0.9967595832194155,0.0,1.0,0.0,-0.9967595832194155,0.0,-0.08043838176055688,0.03902100753545605,0.020505619420641493,0.4700833352825936,0.0
-0.081469986714024,0.0,0.9966757954645115,0.0,1.0,0.0,-0.9966757954645115,0.0,-0.081469986714024,0.039506586713823365,0.020769180530891874,0.46967857598114204,0.0
-0.08250839808758917,0.0,0.9965903693318634,0.0,1.0,0.0,-0.9965903693318634,0.0,-0.08250839808758917,0.03999498778607248,0.021034503111140714,0.4692706041284139,0.0
-0.08355360121486337,0.0,0.9965032843518518,0.0,1.0,0.0,-0.9965032843518518,0.0,-0.08355360121486337,0.04048619622825804,0.021301584154617737,0.46885941466414627,0.0
-0.08460558103323244,0.0,0.9964145199955835,0.0,1.0,0.0,-0.9964145199955835,0.0,-0.08460558103323244,0.04098019729775591,0.021570420566773933,0.4684450026378769,0.0
-0.0856643220852022,0.0,0.9963240556775104,0.0,1.0,0.0,-0.9963240556775104,0.0,-0.0856643220852022,0.041476976034855804,0.021841009165723846,0.4680273632097788,0.0
-0.08672980851975128,0.0,0.9962318707580717,0.0,1.0,0.0,-0.9962318707580717,0.0,-0.08672980851975128,0.041976517264366575,0.022113346682687735,0.4676064916515033,0.0
-0.08780202409369271,0.0,0.9961379445463618,0.0,1.0,0.0,-0.9961379445463618,0.0,-0.08780202409369271,0.04247880559723435,0.02238742976243379,0.4671823833470333,0.0
-0.08888095217304469,0.0,0.9960422563028202,0.0,1.0,0.0,-0.9960422563028202,0.0,-0.08888095217304469,0.04298382543217336,0.02266325496372036,0.46675503379354377,0.0
-0.08996657573440975,0.0,0.9959447852419454,0.0,1.0,0.0,-0.9959447852419454,0.0,-0.08996657573440975,0.043491560957309425,0.022940818759738142,0.46632443860227163,0.0
-0.09105887736636402,0.0,0.9958455105350315,0.0,1.0,0.0,-0.9958455105350315,0.0,-0.09105887736636402,0.044001996151836045,0.02322011753855241,0.46589059349939327,0.0
-0.09215783927085525,0.0,0.9957444113129268,0.0,1.0,0.0,-0.9957444113129268,0.0,-0.09215783927085525,0.04451511478768319,0.02350114760354521,0.46545349432691024,0.0
-0.09326344326461125,0.0,0.9956414666688148,0.0,1.0,0.0,-0.9956414666688148,0.0,-0.09326344326461125,0.04503090043119866,0.02378390517385757,0.46501313704354197,0.0
-0.09437567078055818,0.0,0.9955366556610157,0.0,1.0,0.0,-0.9955366556610157,0.0,-0.09437567078055818,0.04554933644484188,0.024068386384831757,0.46456951772562555,0.0
-0.09549450286924857,0.0,0.9954299573158099,0.0,1.0,0.0,-0.9954299573158099,0.0,-0.09549450286924857,0.04607040598889024,0.024354587288453383,0.46412263256802333,0.0
-0.09661992020030082,0.0,0.9953213506302814,0.0,1.0,0.0,-0.9953213506302814,0.0,-0.09661992020030082,0.046594092023158104,0.024642503853793702,0.46367247788503574,0.0
-0.09775190306384865,0.0,0.9952108145751813,0.0,1.0,0.0,-0.9952108145751813,0.0,-0.09775190306384865,0.047120377308727826,0.024932131967451813,0.4632190501113214,0.0
-0.09889043137200174,0.0,0.9950983280978114,0.0,1.0,0.0,-0.9950983280978114,0.0,-0.09889043137200174,0.04764924440969353,0.025223467433996845,0.46276234580282266,0.0
-0.10003548466031761,0.0,0.9949838701249258,0.0,1.0,0.0,-0.9949838701249258,0.0,-0.10003548466031761,0.04818067569491686,0.02551650597641017,0.4623023616376968,0.0
-0.10118704208928503,0.0,0.994867419565653,0.0,1.0,0.0,-0.994867419565653,0.0,-0.10118704208928503,0.0487146533397955,0.02581124323652765,0.4618390944172528,0.0
-0.1023450824458184,0.0,0.9947489553144344,0.0,1.0,0.0,-0.9947489553144344,0.0,-0.1023450824458184,0.04925115932804314,0.026107674775481725,0.46137254106689285,0.0
-0.10350958414476528,0.0,0.9946284562539812,0.0,1.0,0.0,-0.9946284562539812,0.0,-0.10350958414476528,0.04979017545348245,0.026405796074143822,0.4609026986370585,0.0
-0.10468052523042472,0.0,0.9945059012582491,0.0,1.0,0.0,-0.9945059012582491,0.0,-0.10468052523042472,0.05033168332184953,0.026705602533566387,0.4604295643041813,0.0
-0.10585788337807857,0.0,0.9943812691954295,0.0,1.0,0.0,-0.9943812691954295,0.0,-0.10585788337807857,0.050875664352610935,0.027007089475425197,0.45995313537163773,0.0
-0.10704163589553524,0.0,0.9942545389309558,0.0,1.0,0.0,-0.9942545389309558,0.0,-0.10704163589553524,0.05142209978079205,0.02731025214246152,0.4594734092707073,0.0
-0.10823175972468618,0.0,0.9941256893305281,0.0,1.0,0.0,-0.9941256893305281,0.0,-0.10823175972468618,0.051970970658818144,0.027615085698924364,0.4589903835615345,0.0
-0.10942823144307513,0.0,0.9939946992631504,0.0,1.0,0.0,-0.9939946992631504,0.0,-0.10942823144307513,0.05252225785836659,0.02792158523101263,0.4585040559340938,0.0
-0.11063102726548096,0.0,0.9938615476041843,0.0,1.0,0.0,-0.9938615476041843,0.0,-0.11063102726548096,0.05307594207223137,0.028229745747317393,0.45801442420915717,0.0
-0.11184012304551351,0.0,0.9937262132384173,0.0,1.0,0.0,-0.9937262132384173,0.0,-0.11184012304551351,0.053632003816199245,0.028539562179264056,0.45752148633926437,0.0
-0.11305549427722313,0.0,0.9935886750631434,0.0,1.0,0.0,-0.9935886750631434,0.0,-0.11305549427722313,0.05419042343093724,0.028851029381554573,0.45702524040969517,0.0
-0.1142771160967243,0.0,0.9934489119912587,0.0,1.0,0.0,-0.9934489119912587,0.0,-0.1142771160967243,0.0547511810838922,0.029164142132609705,0.45652568463944343,0.0
-0.11550496328383263,0.0,0.9933069029543691,0.0,1.0,0.0,-0.9933069029543691,0.0,-0.11550496328383263,0.05531425677120151,0.029478895135011157,0.45602281738219286,0.0
-0.11673901026371675,0.0,0.9931626269059101,0.0,1.0,0.0,-0.9931626269059101,0.0,-0.11673901026371675,0.055879630319615445,0.029795283015943808,0.4555166371272935,0.0
-0.11797923110856436,0.0,0.9930160628242788,0.0,1.0,0.0,-0.9930160628242788,0.0,-0.11797923110856436,0.05644728138843076,0.030113300327638034,0.4550071425007396,0.0
-0.11922559953926204,0.0,0.9928671897159779,0.0,1.0,0.0,-0.9928671897159779,0.0,-0.11922559953926204,0.05701718947143545,0.030432941547811645,0.4544943322661477,0.0
-0.12047808892709176,0.0,0.9927159866187689,0.0,1.0,0.0,-0.9927159866187689,0.0,-0.12047808892709176,0.05758933389886526,0.03075420108011244,0.453978205325735,0.0
-0.1217366722954402,0.0,0.9925624326048376,0.0,1.0,0.0,-0.9925624326048376,0.0,-0.1217366722954402,0.05816369383937049,0.031077073254560147,0.4534587607212977,0.0
-0.12300132232152475,0.0,0.9924065067839672,0.0,1.0,0.0,-0.9924065067839672,0.0,-0.12300132232152475,0.0587402483019944,0.03140155232798877,0.45293599763518855,0.0
-0.12427201133813404,0.0,0.9922481883067233,0.0,1.0,0.0,-0.9922481883067233,0.0,-0.12427201133813404,0.05931897613816235,0.03172763248448878,0.45240991539129427,0.0
-0.12554871133538426,0.0,0.9920874563676452,0.0,1.0,0.0,-0.9920874563676452,0.0,-0.12554871133538426,0.0598998560436817,0.03205530783584925,0.45188051345601143,0.0
