0.0,0.0,1.0,0.0,1.0,0.0,-1.0,0.0,0.0,0.0,0.0,0.5,0.0
0.0,0.0,1.0,0.0,1.0,0.0,-1.0,0.0,0.0,1.2311056593817485e-08,0.0,0.4999999965142947,0.0
0.0,0.0,1.0,0.0,1.0,0.0,-1.0,0.0,0.0,9.830348640086805e-08,0.0,0.49999997216672865,0.0
0.0,0.0,1.0,0.0,1.0,0.0,-1.0,0.0,0.0,3.311506311556704e-07,0.0,0.4999999062392829,0.0
0.0,0.0,1.0,0.0,1.0,0.0,-1.0,0.0,0.0,7.834728810460305e-07,0.0,0.49999977817049934,0.0
-1.9066632558087251e-06,0.0,0.9999999999981823,0.0,1.0,0.0,-0.9999999999981823,0.0,-1.9066632558087251e-06,1.5273386535275032e-06,0.0,0.49999956755363045,0.0
-3.288504707200346e-06,0.0,0.9999999999945929,0.0,1.0,0.0,-0.9999999999945929,0.0,-3.288504707200346e-06,2.634266619311329e-06,0.0,0.49999925413919427,0.0
-5.212173310484612e-06,0.0,0.9999999999864166,0.0,1.0,0.0,-0.9999999999864166,0.0,-5.212173310484612e-06,4.175226021920667e-06,0.0,0.49999881783079625,0.0
-7.765581426484826e-06,0.0,0.9999999999698479,0.0,1.0,0.0,-0.9999999999698479,0.0,-7.765581426484826e-06,6.220638492900405e-06,0.0,0.4999982386862333,0.0
-1.1035959818252555e-05,0.0,0.9999999999391038,0.0,1.0,0.0,-0.9999999999391038,0.0,-1.1035959818252555e-05,8.84037921917225e-06,0.0,0.49999749691630974,0.0
-1.5109859387594533e-05,0.0,0.9999999998858461,0.0,1.0,0.0,-0.9999999998858461,0.0,-1.5109859387594533e-05,1.2103778202894288e-05,0.0,0.49999657288398036,0.0
-2.0073152911582426e-05,0.0,0.9999999997985343,0.0,1.0,0.0,-0.9999999997985343,0.0,-2.0073152911582426e-05,1.6079621505845872e-05,0.0,0.49999544710343835,0.0
-2.6011036779038618e-05,0.0,0.9999999996617129,0.0,1.0,0.0,-0.9999999996617129,0.0,-2.6011036779038618e-05,2.0836152478760465e-05,0.0,0.4999941002391505,0.0
-3.300803272698965e-05,0.0,0.9999999994552349,0.0,1.0,0.0,-0.9999999994552349,0.0,-3.300803272698965e-05,2.6441072976128527e-05,0.0,0.49999251310484116,0.0
-4.114798957707759e-05,0.0,0.9999999991534215,0.0,1.0,0.0,-0.9999999991534215,0.0,-4.114798957707759e-05,3.296154455673957e-05,0.0,0.4999906666624257,0.0
-5.051408497191725e-05,0.0,0.9999999987241636,0.0,1.0,0.0,-0.9999999987241636,0.0,-5.051408497191725e-05,4.0464189670608576e-05,0.0,0.49998854202089643,0.0
-6.11888271113859e-05,0.0,0.9999999981279637,0.0,1.0,0.0,-0.9999999981279637,0.0,-6.11888271113859e-05,4.901509283272908e-05,0.0,0.4999861204351619,0.0
-7.325405648883024e-05,0.0,0.9999999973169216,0.0,1.0,0.0,-0.9999999973169216,0.0,-7.325405648883024e-05,5.867980178364098e-05,0.0,0.49998338330484,0.0
-8.679094762717272e-05,0.0,0.9999999962336656,0.0,1.0,0.0,-0.9999999962336656,0.0,-8.679094762717272e-05,6.952332863788125e-05,0.0,0.4999803121730085,0.0
-0.00010188001081489772,0.0,0.9999999948102317,0.0,1.0,0.0,-0.9999999948102317,0.0,-0.00010188001081489772,8.16101510202518e-05,0.0,0.499976888724913,0.0
-0.00011860109384189623,0.0,0.9999999929668902,0.0,1.0,0.0,-0.9999999929668902,0.0,-0.00011860109384189623,9.500421319034054e-05,0.0,0.49997309478663415,0.0
-0.0001370333837351449,0.0,0.9999999906109258,0.0,1.0,0.0,-0.9999999906109258,0.0,-0.0001370333837351449,0.00010976892715608178,0.0,0.4999689123237156,0.0
-0.00015725540849419276,0.0,0.9999999876353681,0.0,1.0,0.0,-0.9999999876353681,0.0,-0.00015725540849419276,0.00012596717377613405,0.0,0.4999643234397545,0.0
-0.00017934503882642848,0.0,0.9999999839176784,0.0,1.0,0.0,-0.9999999839176784,0.0,-0.00017934503882642848,0.00014366130385200923,0.0,0.4999593103749553,0.0
-0.0002033794898820956,0.0,0.9999999793183914,0.0,1.0,0.0,-0.9999999793183914,0.0,-0.0002033794898820956,0.00016291313920987745,0.0,0.4999538555046484,0.0
-0.00022943532298902417,0.0,0.9999999736797159,0.0,1.0,0.0,-0.9999999736797159,0.0,-0.00022943532298902417,0.0001837839737728532,0.0,0.4999479413377761,0.0
-0.00025758844738704245,0.0,0.9999999668240953,0.0,1.0,0.0,-0.9999999668240953,0.0,-0.00025758844738704245,0.00020633457462370828,0.0,0.49994155051534533,0.0
-0.0002879141219620311,0.0,0.9999999585527283,0.0,1.0,0.0,-0.9999999585527283,0.0,-0.0002879141219620311,0.0002306251830586109,0.0,0.49993466580885015,0.0
-0.00032048695697957873,0.0,0.9999999486440538,0.0,1.0,0.0,-0.9999999486440538,0.0,-0.00032048695697957873,0.0002567155156321604,0.0,0.4999272701186646,0.0
-0.00035538091581819773,0.0,0.9999999368522003,0.0,1.0,0.0,-0.9999999368522003,0.0,-0.00035538091581819773,0.0002846647651940374,0.0,0.4999193464724071,0.0
-0.0003926693167020529,0.0,0.9999999229054009,0.0,1.0,0.0,-0.9999999229054009,0.0,-0.0003926693167020529,0.00031453160191760766,0.0,0.49991087802327827,0.0
-0.00043242483443315895,0.0,0.9999999065043769,0.0,1.0,0.0,-0.9999999065043769,0.0,-0.00043242483443315895,0.0003463741743209259,0.0,0.4999018480483733,0.0
-0.000474719502122992,0.0,0.9999998873206908,0.0,1.0,0.0,-0.9999998873206908,0.0,-0.000474719502122992,0.0003802501102801672,0.0,0.49989223994696924,0.0
-0.000519624712923469,0.0,0.9999998649950698,0.0,1.0,0.0,-0.9999998649950698,0.0,-0.000519624712923469,0.00041621651803608193,0.0,0.49988203723879016,0.0
-0.0005672112217572327,0.0,0.999999839135702,0.0,1.0,0.0,-0.999999839135702,0.0,-0.0005672112217572327,0.0004543299871936242,0.0,0.4998712235622494,0.0
-0.0006175491470471947,0.0,0.9999998093165073,0.0,1.0,0.0,-0.9999998093165073,0.0,-0.0006175491470471947,0.0004946465897151692,0.0,0.4998597826726724,0.0
-0.0006707079724452697,0.0,0.9999997750753825,0.0,1.0,0.0,-0.9999997750753825,0.0,-0.0006707079724452697,0.0005372218809073406,0.0,0.4998476984404987,0.0
-0.0007267565485602416,0.0,0.9999997359124246,0.0,1.0,0.0,-0.9999997359124246,0.0,-0.0007267565485602416,0.0005821109004021835,0.0,0.49983495484946705,0.0
-0.0007857630946847011,0.0,0.9999996912881318,0.0,1.0,0.0,-0.9999996912881318,0.0,-0.0007857630946847011,0.0006293681731324311,0.0,0.49982153599478246,0.0
-0.0008477952005209869,0.0,0.9999996406215844,0.0,1.0,0.0,-0.9999996406215844,0.0,-0.0008477952005209869,0.0006790477103015644,0.0,0.49980742608126744,0.0
-0.000912919827906059,0.0,0.999999583288607,0.0,1.0,0.0,-0.999999583288607,0.0,-0.000912919827906059,0.0007312030103486648,0.0,0.499792609421499,0.0
-0.000981203312535241,0.0,0.9999995186199139,0.0,1.0,0.0,-0.9999995186199139,0.0,-0.000981203312535241,0.0007858870599085531,0.0,0.4997770704339315,0.0
-0.0010527113656847577,0.0,0.9999994458992367,0.0,1.0,0.0,-0.9999994458992367,0.0,-0.0010527113656847577,0.0008431523347670902,0.0,0.49976079364100673,0.0
-0.0011275090759329876,0.0,0.9999993643614399,0.0,1.0,0.0,-0.9999993643614399,0.0,-0.0011275090759329876,0.0009030508008123983,0.0,0.49974376366725326,0.0
-0.0012056609108803658,0.0,0.9999992731906199,0.0,1.0,0.0,-0.9999992731906199,0.0,-0.0012056609108803658,0.0009656339149816287,0.0,0.4997259652373744,0.0
-0.001287230718867853,0.0,0.9999991715181951,0.0,1.0,0.0,-0.9999991715181951,0.0,-0.001287230718867853,0.0010309526262042377,0.0,0.4997073831743277,0.0
-0.001372281730693889,0.0,0.9999990584209825,0.0,1.0,0.0,-0.9999990584209825,0.0,-0.001372281730693889,0.0010990573763411796,0.0,0.49968800239739547,0.0
-0.00146087656132976,0.0,0.999998932919267,0.0,1.0,0.0,-0.999998932919267,0.0,-0.00146087656132976,0.001169998101121091,0.0,0.49966780792024845,0.0
-0.0015530772116332857,0.0,0.9999987939748601,0.0,1.0,0.0,-0.9999987939748601,0.0,-0.0015530772116332857,0.001243824231072735,0.0,0.4996467848490027,0.0
-0.0016489450700607512,0.0,0.9999986404891539,0.0,1.0,0.0,-0.9999986404891539,0.0,-0.0016489450700607512,0.0013205846924549858,0.0,0.49962491838027195,0.0
-0.001748540914376994,0.0,0.9999984713011669,0.0,1.0,0.0,-0.9999984713011669,0.0,-0.001748540914376994,0.0014003279081835434,0.0,0.49960219379921483,0.0
-0.0018519249133635604,0.0,0.9999982851855873,0.0,1.0,0.0,-0.9999982851855873,0.0,-0.0018519249133635604,0.001483101798755324,0.0,0.4995785964775794,0.0
-0.001959156628524848,0.0,0.9999980808508109,0.0,1.0,0.0,-0.9999980808508109,0.0,-0.001959156628524848,0.0015689537831702796,0.0,0.49955411187174514,0.0
-0.0020702950157921326,0.0,0.9999978569369774,0.0,1.0,0.0,-0.9999978569369774,0.0,-0.0020702950157921326,0.001657930779850993,0.0,0.4995287255207629,0.0
-0.0021853984272254,0.0,0.9999976120140059,0.0,1.0,0.0,-0.9999976120140059,0.0,-0.0021853984272254,0.001750079207560341,0.0,0.49950242304439535,0.0
-0.002304524612712906,0.0,0.9999973445796291,0.0,1.0,0.0,-0.9999973445796291,0.0,-0.002304524612712906,0.0018454449863170815,0.0,0.49947519014115693,0.0
-0.0024277307216683274,0.0,0.9999970530574293,0.0,1.0,0.0,-0.9999970530574293,0.0,-0.0024277307216683274,0.0019440735383099942,0.0,0.4994470125863557,0.0
-0.0025550733047254664,0.0,0.9999967357948762,0.0,1.0,0.0,-0.9999967357948762,0.0,-0.0025550733047254664,0.002046009788810308,0.0,0.49941787623013706,0.0
-0.002686608315430369,0.0,0.9999963910613675,0.0,1.0,0.0,-0.9999963910613675,0.0,-0.002686608315430369,0.0021512981670827177,0.0,0.49938776699553006,0.0
-0.002822391111930794,0.0,0.9999960170462737,0.0,1.0,0.0,-0.9999960170462737,0.0,-0.002822391111930794,0.0022599826072954568,0.0,0.49935667087649865,0.0
-0.002962476458662932,0.0,0.999995611856988,0.0,1.0,0.0,-0.999995611856988,0.0,-0.002962476458662932,0.0023721065494289985,0.0,0.4993245739359964,0.0
-0.0031069185280352524,0.0,0.9999951735169826,0.0,1.0,0.0,-0.9999951735169826,0.0,-0.0031069185280352524,0.0024877129401841254,0.0,0.4992914623040278,0.0
-0.0032557709021094304,0.0,0.9999946999638712,0.0,1.0,0.0,-0.9999946999638712,0.0,-0.0032557709021094304,0.0026068442338890068,0.0,0.49925732217571533,0.0
-0.0034090865742782074,0.0,0.9999941890474809,0.0,1.0,0.0,-0.9999941890474809,0.0,-0.0034090865742782074,0.0027295423934059226,0.0,0.4992221398093736,0.0
-0.0035669179509401406,0.0,0.9999936385279314,0.0,1.0,0.0,-0.9999936385279314,0.0,-0.0035669179509401406,0.0028558488910371987,0.0,0.4991859015245916,0.0
-0.0037293168531710944,0.0,0.9999930460737257,0.0,1.0,0.0,-0.9999930460737257,0.0,-0.0037293168531710944,0.002985804709431105,0.0,0.49914859370032366,0.0
-0.003896334518392414,0.0,0.9999924092598508,0.0,1.0,0.0,-0.9999924092598508,0.0,-0.003896334518392414,0.0031194503424873616,0.0,0.49911020277299,0.0
-0.004068021602035683,0.0,0.9999917255658896,0.0,1.0,0.0,-0.9999917255658896,0.0,-0.004068021602035683,0.003256825796262524,0.0,0.4990707152345864,0.0
-0.004244428179203934,0.0,0.9999909923741471,0.0,1.0,0.0,-0.9999909923741471,0.0,-0.004244428179203934,0.0033979705898756546,0.0,0.4990301176308067,0.0
-0.004425603746329278,0.0,0.9999902069677885,0.0,1.0,0.0,-0.9999902069677885,0.0,-0.004425603746329278,0.0035429237564138434,0.0,0.4989883965591748,0.0
-0.004611597222826783,0.0,0.9999893665289918,0.0,1.0,0.0,-0.9999893665289918,0.0,-0.004611597222826783,0.0036917238438381682,0.0,0.4989455386671906,0.0
-0.004802456952744595,0.0,0.9999884681371166,0.0,1.0,0.0,-0.9999884681371166,0.0,-0.004802456952744595,0.0038444089158900783,0.0,0.4989015306504878,0.0
-0.004998230706410107,0.0,0.9999875087668872,0.0,1.0,0.0,-0.9999875087668872,0.0,-0.004998230706410107,0.0040010165529980836,0.0,0.4988563592510061,0.0
-0.005198965682072186,0.0,0.9999864852865946,0.0,1.0,0.0,-0.9999864852865946,0.0,-0.005198965682072186,0.004161583853185358,0.0,0.4988100112551775,0.0
-0.0054047085075392826,0.0,0.9999853944563133,0.0,1.0,0.0,-0.9999853944563133,0.0,-0.0054047085075392826,0.004326147432977612,0.0,0.49876247349212716,0.0
-0.005615505241813379,0.0,0.9999842329261392,0.0,1.0,0.0,-0.9999842329261392,0.0,-0.005615505241813379,0.004494743428312268,0.0,0.49871373283189074,0.0
-0.005831401376719674,0.0,0.9999829972344447,0.0,1.0,0.0,-0.9999829972344447,0.0,-0.005831401376719674,0.004667407495448123,0.0,0.49866377618364716,0.0
-0.006052441838531906,0.0,0.9999816838061542,0.0,1.0,0.0,-0.9999816838061542,0.0,-0.006052441838531906,0.004844174811876278,0.0,0.4986125904939685,0.0
-0.006278670989593231,0.0,0.9999802889510395,0.0,1.0,0.0,-0.9999802889510395,0.0,-0.006278670989593231,0.005025080077231929,0.0,0.49856016274508735,0.0
-0.006510132629932601,0.0,0.9999788088620382,0.0,1.0,0.0,-0.9999788088620382,0.0,-0.006510132629932601,0.005210157514207632,0.0,0.4985064799531822,0.0
-0.006746869998876468,0.0,0.9999772396135915,0.0,1.0,0.0,-0.9999772396135915,0.0,-0.006746869998876468,0.0053994408694675936,0.0,0.4984515291666814,0.0
-0.006988925776655865,0.0,0.9999755771600066,0.0,1.0,0.0,-0.9999755771600066,0.0,-0.006988925776655865,0.0055929634145633796,0.0,0.4983952974645861,0.0
-0.007236342086008632,0.0,0.9999738173338412,0.0,1.0,0.0,-0.9999738173338412,0.0,-0.007236342086008632,0.005790757946851128,0.0,0.4983377719548132,0.0
-0.007489160493776863,0.0,0.9999719558443119,0.0,1.0,0.0,-0.9999719558443119,0.0,-0.007489160493776863,0.0059928567904101865,0.0,0.4982789397725581,0.0
-0.007747422012499315,0.0,0.9999699882757284,0.0,1.0,0.0,-0.9999699882757284,0.0,-0.007747422012499315,0.00619929179696351,0.0,0.49821878807867875,0.0
-0.008011167101998888,0.0,0.9999679100859507,0.0,1.0,0.0,-0.9999679100859507,0.0,-0.008011167101998888,0.006410094346799456,0.0,0.49815730405810027,0.0
-0.008280435670964969,0.0,0.9999657166048739,0.0,1.0,0.0,-0.9999657166048739,0.0,-0.008280435670964969,0.006625295349695667,0.0,0.4980944749182421,0.0
-0.008555267078530606,0.0,0.9999634030329385,0.0,1.0,0.0,-0.9999634030329385,0.0,-0.008555267078530606,0.006844925245844567,0.0,0.4980302878874669,0.0
-0.00883570013584447,0.0,0.9999609644396672,0.0,1.0,0.0,-0.9999609644396672,0.0,-0.00883570013584447,0.007069014006780732,0.0,0.49796473021355186,0.0
-0.009121773107637503,0.0,0.9999583957622301,0.0,1.0,0.0,-0.9999583957622301,0.0,-0.009121773107637503,0.007297591136310476,0.0,0.4978977891621844,0.0
-0.009413523713784174,0.0,0.9999556918040369,0.0,1.0,0.0,-0.9999556918040369,0.0,-0.009413523713784174,0.007530685671443134,0.0,0.49782945201547985,0.0
-0.009710989130858317,0.0,0.9999528472333584,0.0,1.0,0.0,-0.9999528472333584,0.0,-0.009710989130858317,0.0077683261833248,0.0,0.4977597060705248,0.0
-0.010014205993683465,0.0,0.9999498565819769,0.0,1.0,0.0,-0.9999498565819769,0.0,-0.010014205993683465,0.008010540778174013,0.0,0.49768853863794366,0.0
-0.010323210396877648,0.0,0.9999467142438649,0.0,1.0,0.0,-0.9999467142438649,0.0,-0.010323210396877648,0.008257357098219686,0.0,0.49761593704049095,0.0
-0.010638037896392514,0.0,0.9999434144738966,0.0,1.0,0.0,-0.9999434144738966,0.0,-0.010638037896392514,0.008508802322641618,0.0,0.4975418886116688,0.0
-0.01095872351104684,0.0,0.9999399513865862,0.0,1.0,0.0,-0.9999399513865862,0.0,-0.01095872351104684,0.008764903168512955,0.0,0.4974663806943696,0.0
-0.011285301724054314,0.0,0.9999363189548608,0.0,1.0,0.0,-0.9999363189548608,0.0,-0.011285301724054314,0.009025685891745497,0.0,0.4973894006395456,0.0
-0.01161780648454549,0.0,0.9999325110088618,0.0,1.0,0.0,-0.9999325110088618,0.0,-0.01161780648454549,0.009291176288037191,0.0,0.4973109358049043,0.0
-0.01195627120908401,0.0,0.9999285212347805,0.0,1.0,0.0,-0.9999285212347805,0.0,-0.01195627120908401,0.009561399693822477,0.0,0.4972309735536311,0.0
-0.012300728783176873,0.0,0.9999243431737237,0.0,1.0,0.0,-0.9999243431737237,0.0,-0.012300728783176873,0.00983638098722492,0.0,0.49714950125313884,0.0
-0.012651211562778906,0.0,0.9999199702206141,0.0,1.0,0.0,-0.9999199702206141,0.0,-0.012651211562778906,0.010116144589012877,0.0,0.497066506273845,0.0
-0.013007751375791188,0.0,0.9999153956231225,0.0,1.0,0.0,-0.9999153956231225,0.0,-0.013007751375791188,0.010400714463557703,0.0,0.4969819759879771,0.0
-0.013370379523553582,0.0,0.9999106124806337,0.0,1.0,0.0,-0.9999106124806337,0.0,-0.013370379523553582,0.010690114119794761,0.0,0.4968958977684052,0.0
-0.013739126782331227,0.0,0.9999056137432468,0.0,1.0,0.0,-0.9999056137432468,0.0,-0.013739126782331227,0.01098436661218744,0.0,0.4968082589875044,0.0
-0.014114023404794979,0.0,0.9999003922108086,0.0,1.0,0.0,-0.9999003922108086,0.0,-0.014114023404794979,0.01128349454169388,0.0,0.4967190470160448,0.0
-0.014495099121495856,0.0,0.9998949405319831,0.0,1.0,0.0,-0.9998949405319831,0.0,-0.014495099121495856,0.011587520056737008,0.0,0.49662824922211124,0.0
-0.014882383142333344,0.0,0.9998892512033544,0.0,1.0,0.0,-0.9998892512033544,0.0,-0.014882383142333344,0.011896464854177235,0.0,0.4965358529700521,0.0
-0.0152759041580176,0.0,0.999883316568566,0.0,1.0,0.0,-0.999883316568566,0.0,-0.0152759041580176,0.012210350180288631,0.0,0.4964418456194581,0.0
-0.01567569034152562,0.0,0.9998771288174946,0.0,1.0,0.0,-0.9998771288174946,0.0,-0.01567569034152562,0.012529196831737881,0.0,0.49634621452417,0.0
-0.016081769349551203,0.0,0.9998706799854609,0.0,1.0,0.0,-0.9998706799854609,0.0,-0.016081769349551203,0.012853025156566897,0.0,0.4962489470313178,0.0
-0.016494168323948774,0.0,0.9998639619524754,0.0,1.0,0.0,-0.9998639619524754,0.0,-0.016494168323948774,0.013181855055178295,0.0,0.4961500304803889,0.0
-0.016912913893171184,0.0,0.9998569664425218,0.0,1.0,0.0,-0.9998569664425218,0.0,-0.016912913893171184,0.013515705981324585,0.0,0.49604945220232816,0.0
-0.017338032173701227,0.0,0.9998496850228756,0.0,1.0,0.0,-0.9998496850228756,0.0,-0.017338032173701227,0.013854596943100443,0.0,0.4959471995186673,0.0
-0.01776954877147713,0.0,0.9998421091034615,0.0,1.0,0.0,-0.9998421091034615,0.0,-0.01776954877147713,0.014198546503938722,0.0,0.4958432597406866,0.0
-0.018207488783311822,0.0,0.9998342299362458,0.0,1.0,0.0,-0.9998342299362458,0.0,-0.018207488783311822,0.014547572783609705,0.0,0.4957376201686069,0.0
-0.01865187679830621,0.0,0.9998260386146686,0.0,1.0,0.0,-0.9998260386146686,0.0,-0.01865187679830621,0.014901693459224284,0.0,0.4956302680908134,0.0
-0.019102736899256203,0.0,0.9998175260731119,0.0,1.0,0.0,-0.9998175260731119,0.0,-0.019102736899256203,0.015260925766240592,0.0,0.4955211907831112,0.0
-0.01956009266405374,0.0,0.9998086830864061,0.0,1.0,0.0,-0.9998086830864061,0.0,-0.01956009266405374,0.015625286499474176,0.0,0.4954103755080117,0.0
-0.02002396716708177,0.0,0.9997995002693748,0.0,1.0,0.0,-0.9997995002693748,0.0,-0.02002396716708177,0.01599479201411236,0.0,0.49529780951405183,0.0
-0.02049438298060309,0.0,0.9997899680764177,0.0,1.0,0.0,-0.9997899680764177,0.0,-0.02049438298060309,0.016369458226732147,0.0,0.4951834800351449,0.0
-0.02097136217614328,0.0,0.9997800768011318,0.0,1.0,0.0,-0.9997800768011318,0.0,-0.02097136217614328,0.016749300616322016,0.0,0.4950673742899634,0.0
-0.021454926325867544,0.0,0.9997698165759714,0.0,1.0,0.0,-0.9997698165759714,0.0,-0.021454926325867544,0.017134334225307888,0.0,0.4949494794813545,0.0
-0.021945096503951746,0.0,0.9997591773719471,0.0,1.0,0.0,-0.9997591773719471,0.0,-0.021945096503951746,0.01752457366058297,0.0,0.49482978279578776,0.0
-0.022441893287947403,0.0,0.9997481489983627,0.0,1.0,0.0,-0.9997481489983627,0.0,-0.022441893287947403,0.017920033094541658,0.0,0.49470827140283524,0.0
-0.022945336760140895,0.0,0.9997367211025929,0.0,1.0,0.0,-0.9997367211025929,0.0,-0.022945336760140895,0.018320726266117776,0.0,0.4945849324546845,0.0
-0.02345544650890685,0.0,0.9997248831698988,0.0,1.0,0.0,-0.9997248831698988,0.0,-0.02345544650890685,0.01872666648182699,0.0,0.4944597530856843,0.0
-0.023972241630055766,0.0,0.9997126245232828,0.0,1.0,0.0,-0.9997126245232828,0.0,-0.023972241630055766,0.019137866616813343,0.0,0.49433272041192255,0.0
-0.024495740728175956,0.0,0.9996999343233839,0.0,1.0,0.0,-0.9996999343233839,0.0,-0.024495740728175956,0.019554339115900498,0.0,0.49420382153083836,0.0
-0.025025961917969703,0.0,0.9996868015684114,0.0,1.0,0.0,-0.9996868015684114,0.0,-0.025025961917969703,0.01997609599464703,0.0,0.49407304352086534,0.0
-0.025562922825584113,0.0,0.9996732150941192,0.0,1.0,0.0,-0.9996732150941192,0.0,-0.025562922825584113,0.02040314884040669,0.0,0.4939403734411097,0.0
-0.02610664058993616,0.0,0.9996591635738192,0.0,1.0,0.0,-0.9996591635738192,0.0,-0.02610664058993616,0.020835508813392856,0.0,0.49380579833106003,0.0
-0.026657131864032443,0.0,0.9996446355184344,0.0,1.0,0.0,-0.9996446355184344,0.0,-0.026657131864032443,0.02127318664774777,0.0,0.4936693052103308,0.0
-0.02721441281628362,0.0,0.9996296192765923,0.0,1.0,0.0,-0.9996296192765923,0.0,-0.02721441281628362,0.02171619265261672,0.0,0.4935308810784391,0.0
-0.027778499131813402,0.0,0.9996141030347581,0.0,1.0,0.0,-0.9996141030347581,0.0,-0.027778499131813402,0.022164536713226702,0.0,0.493390512914614,0.0
-0.028349406013762443,0.0,0.9995980748174073,0.0,1.0,0.0,-0.9995980748174073,0.0,-0.028349406013762443,0.022618228291970185,0.0,0.49324818767763967,0.0
-0.028927148184587127,0.0,0.9995815224872391,0.0,1.0,0.0,-0.9995815224872391,0.0,-0.028927148184587127,0.02307727642949384,0.0,0.4931038923057313,0.0
-0.029511739887353238,0.0,0.9995644337454296,0.0,1.0,0.0,-0.9995644337454296,0.0,-0.029511739887353238,0.023541689745792228,0.0,0.4929576137164448,0.0
-0.03010319488702482,0.0,0.9995467961319239,0.0,1.0,0.0,-0.9995467961319239,0.0,-0.03010319488702482,0.02401147644130658,0.0,0.4928093388066182,0.0
-0.030701526471748068,0.0,0.9995285970257702,0.0,1.0,0.0,-0.9995285970257702,0.0,-0.030701526471748068,0.024486644298029,0.0,0.4926590544523485,0.0
-0.031306747454130625,0.0,0.9995098236454923,0.0,1.0,0.0,-0.9995098236454923,0.0,-0.031306747454130625,0.024967200680611718,0.0,0.4925067475089992,0.0
-0.031918870172516135,0.0,0.9994904630495031,0.0,1.0,0.0,-0.9994904630495031,0.0,-0.031918870172516135,0.025453152537481864,0.0,0.49235240481124326,0.0
-0.03253790649225441,0.0,0.999470502136557,0.0,1.0,0.0,-0.999470502136557,0.0,-0.03253790649225441,0.025944506401961633,0.0,0.4921960131731371,0.0
-0.03316386780696698,0.0,0.9994499276462439,0.0,1.0,0.0,-0.9994499276462439,0.0,-0.03316386780696698,0.02644126839339395,0.0,0.49203755938822896,0.0
-0.033796765039808684,0.0,0.9994287261595216,0.0,1.0,0.0,-0.9994287261595216,0.0,-0.033796765039808684,0.02694344421827397,0.0,0.4918770302296997,0.0
-0.034436608644724816,0.0,0.9994068840992892,0.0,1.0,0.0,-0.9994068840992892,0.0,-0.034436608644724816,0.027451039171386023,0.0,0.4917144124505368,0.0
-0.035083408607704335,0.0,0.9993843877309996,0.0,1.0,0.0,-0.9993843877309996,0.0,-0.035083408607704335,0.02796405813694655,0.0,0.4915496927837406,0.0
-0.035737174448029235,0.0,0.999361223163312,0.0,1.0,0.0,-0.999361223163312,0.0,-0.035737174448029235,0.028482505589752887,0.0,0.49138285794256414,0.0
-0.036397915219520044,0.0,0.9993373763487847,0.0,1.0,0.0,-0.9993373763487847,0.0,-0.036397915219520044,0.029006385596338044,0.0,0.49121389462078513,0.0
-0.03706563951177777,0.0,0.9993128330846066,0.0,1.0,0.0,-0.9993128330846066,0.0,-0.03706563951177777,0.029535701816131483,0.0,0.4910427894930103,0.0
-0.03774035545142221,0.0,0.9992875790133691,0.0,1.0,0.0,-0.9992875790133691,0.0,-0.03774035545142221,0.030070457502626227,0.0,0.4908695292150131,0.0
-0.03842207070332714,0.0,0.9992615996238765,0.0,1.0,0.0,-0.9992615996238765,0.0,-0.03842207070332714,0.03061065550455208,0.0,0.4906941004241027,0.0
-0.03911079247185207,0.0,0.9992348802519975,0.0,1.0,0.0,-0.9992348802519975,0.0,-0.03911079247185207,0.031156298267055352,0.0,0.4905164897395265,0.0
-0.03980652750207102,0.0,0.9992074060815537,0.0,1.0,0.0,-0.9992074060815537,0.0,-0.03980652750207102,0.03170738783288488,0.0,0.4903366837629034,0.0
-0.04050928208099852,0.0,0.9991791621452492,0.0,1.0,0.0,-0.9991791621452492,0.0,-0.04050928208099852,0.032263925843584805,0.0,0.4901546690786902,0.0
-0.04121906203881268,0.0,0.9991501333256382,0.0,1.0,0.0,-0.9991501333256382,0.0,-0.04121906203881268,0.03282591354069385,0.0,0.4899704322546795,0.0
-0.041935872750075716,0.0,0.9991203043561319,0.0,1.0,0.0,-0.9991203043561319,0.0,-0.041935872750075716,0.03339335176695133,0.0,0.48978395984252915,0.0
-0.04265971913495218,0.0,0.9990896598220437,0.0,1.0,0.0,-0.9990896598220437,0.0,-0.04265971913495218,0.03396624096751022,0.0,0.4895952383783237,0.0
-0.04339060566042485,0.0,0.9990581841616741,0.0,1.0,0.0,-0.9990581841616741,0.0,-0.04339060566042485,0.03454458119115703,0.0,0.4894042543831672,0.0
-0.04412853634150849,0.0,0.9990258616674326,0.0,1.0,0.0,-0.9990258616674326,0.0,-0.04412853634150849,0.03512837209153866,0.0,0.4892109943638067,0.0
-0.044873514742461755,0.0,0.9989926764869991,0.0,1.0,0.0,-0.9989926764869991,0.0,-0.044873514742461755,0.03571761292839661,0.0,0.4890154448132882,0.0
-0.04562554397799744,0.0,0.998958612624523,0.0,1.0,0.0,-0.998958612624523,0.0,-0.04562554397799744,0.036312302568808394,0.0,0.488817592211642,0.0
-0.04638462671449106,0.0,0.9989236539418602,0.0,1.0,0.0,-0.9989236539418602,0.0,-0.04638462671449106,0.036912439488436206,0.0,0.4886174230266,0.0
-0.04715076517118808,0.0,0.9988877841598482,0.0,1.0,0.0,-0.9988877841598482,0.0,-0.04715076517118808,0.037518021772783246,0.0,0.48841492371434303,0.0
-0.04792396112141004,0.0,0.9988509868596184,0.0,1.0,0.0,-0.9988509868596184,0.0,-0.04792396112141004,0.038129047118457444,0.0,0.48821008072027866,0.0
-0.048704215893759624,0.0,0.9988132454839463,0.0,1.0,0.0,-0.9988132454839463,0.0,-0.048704215893759624,0.03874551283444319,0.0,0.4880028804798495,0.0
-0.04949153037332499,0.0,0.9987745433386387,0.0,1.0,0.0,-0.9987745433386387,0.0,-0.04949153037332499,0.039367415843380424,0.0,0.4877933094193711,0.0
-0.05028590500288332,0.0,0.9987348635939576,0.0,1.0,0.0,-0.9987348635939576,0.0,-0.05028590500288332,0.03999475268285195,0.0,0.4875813539568998,0.0
-0.05108733978410419,0.0,0.9986941892860814,0.0,1.0,0.0,-0.9986941892860814,0.0,-0.05108733978410419,0.04062751950667868,0.0,0.48736700050313003,0.0
-0.051895834278752655,0.0,0.9986525033186029,0.0,1.0,0.0,-0.9986525033186029,0.0,-0.051895834278752655,0.04126571208622312,0.0,0.48715023546232167,0.0
-0.05271138760989218,0.0,0.9986097884640626,0.0,1.0,0.0,-0.9986097884640626,0.0,-0.05271138760989218,0.04190932581170081,0.0,0.48693104523325537,0.0
-0.05353399846308797,0.0,0.9985660273655188,0.0,1.0,0.0,-0.9985660273655188,0.0,-0.05353399846308797,0.04255835569350034,0.0,0.4867094162102175,0.0
-0.05436366508761067,0.0,0.9985212025381545,0.0,1.0,0.0,-0.9985212025381545,0.0,-0.05436366508761067,0.04321279636351199,0.0,0.48648533478401396,0.0
-0.055200385297640465,0.0,0.9984752963709177,0.0,1.0,0.0,-0.9984752963709177,0.0,-0.055200385297640465,0.0438726420764644,0.0,0.48625878734301153,0.0
-0.05604415647347233,0.0,0.9984282911281996,0.0,1.0,0.0,-0.9984282911281996,0.0,-0.05604415647347233,0.044537886711270576,0.0,0.4860297602742086,0.0
-0.056894975562722085,0.0,0.9983801689515459,0.0,1.0,0.0,-0.9983801689515459,0.0,-0.056894975562722085,0.04520852377238216,0.0,0.48579823996433225,0.0
-0.05775283908153378,0.0,0.998330911861404,0.0,1.0,0.0,-0.998330911861404,0.0,-0.05775283908153378,0.04588454639115295,0.0,0.4855642128009646,0.0
-0.05861774311578856,0.0,0.9982805017589051,0.0,1.0,0.0,-0.9982805017589051,0.0,-0.05861774311578856,0.04656594732721142,0.0,0.48532766517369574,0.0
-0.059489683322315315,0.0,0.9982289204276795,0.0,1.0,0.0,-0.9982289204276795,0.0,-0.059489683322315315,0.04725271896984218,0.0,0.4850885834753032,0.0
-0.06036865493010293,0.0,0.998176149535707,0.0,1.0,0.0,-0.998176149535707,0.0,-0.06036865493010293,0.04794485333937683,0.0,0.4848469541029597,0.0
-0.06125465274151517,0.0,0.9981221706372003,0.0,1.0,0.0,-0.9981221706372003,0.0,-0.06125465274151517,0.048642342088594276,0.0,0.484602763459466,0.0
-0.06214767113350742,0.0,0.9980669651745224,0.0,1.0,0.0,-0.9980669651745224,0.0,-0.06214767113350742,0.04934517650413026,0.0,0.4843559979545109,0.0
-0.06304770405884641,0.0,0.9980105144801372,0.0,1.0,0.0,-0.9980105144801372,0.0,-0.06304770405884641,0.0500533475078969,0.0,0.4841066440059572,0.0
-0.06395474504733266,0.0,0.9979527997785921,0.0,1.0,0.0,-0.9979527997785921,0.0,-0.06395474504733266,0.05076684565851149,0.0,0.4838546880411527,0.0
-0.06486878720702566,0.0,0.9978938021885343,0.0,1.0,0.0,-0.9978938021885343,0.0,-0.06486878720702566,0.05148566115273541,0.0,0.4836001164982673,0.0
-0.06578982322547292,0.0,0.9978335027247587,0.0,1.0,0.0,-0.9978335027247587,0.0,-0.06578982322547292,0.05220978382692297,0.0,0.4833429158276547,0.0
-0.06671784537094212,0.0,0.9977718823002877,0.0,1.0,0.0,-0.9977718823002877,0.0,-0.06671784537094212,0.05293920315848024,0.0,0.4830830724932393,0.0
-0.06765284549365709,0.0,0.9977089217284826,0.0,1.0,0.0,-0.9977089217284826,0.0,-0.06765284549365709,0.053673908267334015,0.0,0.4828205729739268,0.0
-0.06859481502703782,0.0,0.9976446017251868,0.0,1.0,0.0,-0.9976446017251868,0.0,-0.06859481502703782,0.05441388791741116,0.0,0.4825554037650399,0.0
-0.06954374498894475,0.0,0.9975789029108989,0.0,1.0,0.0,-0.9975789029108989,0.0,-0.06954374498894475,0.05515913051812831,0.0,0.4822875513797773,0.0
-0.07049962598292743,0.0,0.9975118058129775,0.0,1.0,0.0,-0.9975118058129775,0.0,-0.07049962598292743,0.05590962412589211,0.0,0.4820170023506957,0.0
-0.07146244819947797,0.0,0.9974432908678753,0.0,1.0,0.0,-0.9974432908678753,0.0,-0.07146244819947797,0.05666535644561004,0.0,0.4817437432312162,0.0
-0.07243220141728936,0.0,0.9973733384234036,0.0,1.0,0.0,-0.9973733384234036,0.0,-0.07243220141728936,0.05742631483221196,0.0,0.4814677605971522,0.0
-0.07340887500451902,0.0,0.9973019287410262,0.0,1.0,0.0,-0.9973019287410262,0.0,-0.07340887500451902,0.05819248629218268,0.0,0.48118904104826044,0.0
-0.07439245792005776,0.0,0.9972290419981823,0.0,1.0,0.0,-0.9972290419981823,0.0,-0.07439245792005776,0.058963857485105124,0.0,0.4809075712098143,0.0
-0.07538293871480449,0.0,0.9971546582906385,0.0,1.0,0.0,-0.9971546582906385,0.0,-0.07538293871480449,0.05974041472521503,0.0,0.4806233377341985,0.0
-0.07638030553294667,0.0,0.997078757634869,0.0,1.0,0.0,-0.997078757634869,0.0,-0.07638030553294667,0.06052214398296645,0.0,0.48033632730252523,0.0
-0.07738454611324706,0.0,0.9970013199704636,0.0,1.0,0.0,-0.9970013199704636,0.0,-0.07738454611324706,0.0613090308866087,0.0,0.48004652662627156,0.0
-0.07839564779033682,0.0,0.9969223251625642,0.0,1.0,0.0,-0.9969223251625642,0.0,-0.07839564779033682,0.062101060723774755,0.0,0.47975392244893766,0.0
-0.07941359749601538,0.0,0.9968417530043276,0.0,1.0,0.0,-0.9968417530043276,0.0,-0.07941359749601538,0.06289821844308117,0.0,0.47945850154772507,0.0
-0.08043838176055688,0.0,0.9967595832194155,0.0,1.0,0.0,-0.9967595832194155,0.0,-0.08043838176055688,0.06370048865573925,0.0,0.47916025073523466,0.0
-0.081469986714024,0.0,0.9966757954645115,0.0,1.0,0.0,-0.9966757954645115,0.0,-0.081469986714024,0.06450785563717851,0.0,0.47885915686118524,0.0
-0.08250839808758917,0.0,0.9965903693318634,0.0,1.0,0.0,-0.9965903693318634,0.0,-0.08250839808758917,0.06532030332868158,0.0,0.47855520681415026,0.0
-0.08355360121486337,0.0,0.9965032843518518,0.0,1.0,0.0,-0.9965032843518518,0.0,-0.08355360121486337,0.06613781533903111,0.0,0.47824838752331394,0.0
-0.08460558103323244,0.0,0.9964145199955835,0.0,1.0,0.0,-0.9964145199955835,0.0,-0.08460558103323244,0.06696037494616869,0.0,0.47793868596024597,0.0
-0.0856643220852022,0.0,0.9963240556775104,0.0,1.0,0.0,-0.9963240556775104,0.0,-0.0856643220852022,0.06778796509886605,0.0,0.47762608914069365,0.0
-0.08672980851975128,0.0,0.9962318707580717,0.0,1.0,0.0,-0.9962318707580717,0.0,-0.08672980851975128,0.06862056841840826,0.0,0.4773105841263925,0.0
-0.08780202409369271,0.0,0.9961379445463618,0.0,1.0,0.0,-0.9961379445463618,0.0,-0.08780202409369271,0.06945816720028938,0.0,0.47699215802689365,0.0
-0.08888095217304469,0.0,0.9960422563028202,0.0,1.0,0.0,-0.9960422563028202,0.0,-0.08888095217304469,0.0703007434159207,0.0,0.4766707980014083,0.0
-0.08996657573440975,0.0,0.9959447852419454,0.0,1.0,0.0,-0.9959447852419454,0.0,-0.08996657573440975,0.07114827871435105,0.0,0.47634649126066897,0.0
-0.09105887736636402,0.0,0.9958455105350315,0.0,1.0,0.0,-0.9958455105350315,0.0,-0.09105887736636402,0.07200075442400017,0.0,0.4760192250688059,0.0
-0.09215783927085525,0.0,0.9957444113129268,0.0,1.0,0.0,-0.9957444113129268,0.0,-0.09215783927085525,0.07285815155440466,0.0,0.47568898674524046,0.0
-0.09326344326461125,0.0,0.9956414666688148,0.0,1.0,0.0,-0.9956414666688148,0.0,-0.09326344326461125,0.07372045079797658,0.0,0.47535576366659305,0.0
-0.09437567078055818,0.0,0.9955366556610157,0.0,1.0,0.0,-0.9955366556610157,0.0,-0.09437567078055818,0.07458763253177515,0.0,0.4750195432686057,0.0
-0.09549450286924857,0.0,0.9954299573158099,0.0,1.0,0.0,-0.9954299573158099,0.0,-0.09549450286924857,0.07545967681929105,0.0,0.4746803130480799,0.0
-0.09661992020030082,0.0,0.9953213506302814,0.0,1.0,0.0,-0.9953213506302814,0.0,-0.09661992020030082,0.07633656341224448,0.0,0.47433806056482797,0.0
-0.09775190306384865,0.0,0.9952108145751813,0.0,1.0,0.0,-0.9952108145751813,0.0,-0.09775190306384865,0.0772182717523956,0.0,0.4739927734436379,0.0
-0.09889043137200174,0.0,0.9950983280978114,0.0,1.0,0.0,-0.9950983280978114,0.0,-0.09889043137200174,0.07810478097336863,0.0,0.473644439376252,0.0
-0.10003548466031761,0.0,0.9949838701249258,0.0,1.0,0.0,-0.9949838701249258,0.0,-0.10003548466031761,0.0789960699024892,0.0,0.4732930461233579,0.0
-0.10118704208928503,0.0,0.994867419565653,0.0,1.0,0.0,-0.994867419565653,0.0,-0.10118704208928503,0.07989211706263502,0.0,0.472938581516592,0.0
-0.1023450824458184,0.0,0.9947489553144344,0.0,1.0,0.0,-0.9947489553144344,0.0,-0.1023450824458184,0.08079290067409975,0.0,0.47258103346055524,0.0
-0.10350958414476528,0.0,0.9946284562539812,0.0,1.0,0.0,-0.9946284562539812,0.0,-0.10350958414476528,0.08169839865647123,0.0,0.47222038993483934,0.0
-0.10468052523042472,0.0,0.9945059012582491,0.0,1.0,0.0,-0.9945059012582491,0.0,-0.10468052523042472,0.08260858863052217,0.0,0.4718566389960654,0.0
-0.10585788337807857,0.0,0.9943812691954295,0.0,1.0,0.0,-0.9943812691954295,0.0,-0.10585788337807857,0.0835234479201156,0.0,0.47148976877993287,0.0
-0.10704163589553524,0.0,0.9942545389309558,0.0,1.0,0.0,-0.9942545389309558,0.0,-0.10704163589553524,0.08444295355412307,0.0,0.47111976750327755,0.0
-0.10823175972468618,0.0,0.9941256893305281,0.0,1.0,0.0,-0.9941256893305281,0.0,-0.10823175972468618,0.08536708226835756,0.0,0.47074662346614127,0.0
-0.10942823144307513,0.0,0.9939946992631504,0.0,1.0,0.0,-0.9939946992631504,0.0,-0.10942823144307513,0.08629581050751953,0.0,0.4703703250538493,0.0
-0.11063102726548096,0.0,0.9938615476041843,0.0,1.0,0.0,-0.9938615476041843,0.0,-0.11063102726548096,0.08722911442715729,0.0,0.4699908607390973,0.0
-0.11184012304551351,0.0,0.9937262132384173,0.0,1.0,0.0,-0.9937262132384173,0.0,-0.11184012304551351,0.08816696989564139,0.0,0.4696082190840473,0.0
-0.11305549427722313,0.0,0.9935886750631434,0.0,1.0,0.0,-0.9935886750631434,0.0,-0.11305549427722313,0.08910935249615255,0.0,0.46922238874243055,0.0
-0.1142771160967243,0.0,0.9934489119912587,0.0,1.0,0.0,-0.9934489119912587,0.0,-0.1142771160967243,0.09005623752868443,0.0,0.46883335846165863,0.0
-0.11550496328383263,0.0,0.9933069029543691,0.0,1.0,0.0,-0.9933069029543691,0.0,-0.11550496328383263,0.09100760001205978,0.0,0.46844111708494174,0.0
-0.11673901026371675,0.0,0.9931626269059101,0.0,1.0,0.0,-0.9931626269059101,0.0,-0.11673901026371675,0.09196341468596131,0.0,0.46804565355341354,0.0
-0.11797923110856436,0.0,0.9930160628242788,0.0,1.0,0.0,-0.9930160628242788,0.0,-0.11797923110856436,0.09292365601297664,0.0,0.46764695690826164,0.0
-0.11922559953926204,0.0,0.9928671897159779,0.0,1.0,0.0,-0.9928671897159779,0.0,-0.11922559953926204,0.09388829818065696,0.0,0.4672450162928654,0.0
-0.12047808892709176,0.0,0.9927159866187689,0.0,1.0,0.0,-0.9927159866187689,0.0,-0.12047808892709176,0.09485731510359124,0.0,0.4668398209549371,0.0
-0.1217366722954402,0.0,0.9925624326048376,0.0,1.0,0.0,-0.9925624326048376,0.0,-0.1217366722954402,0.0958306804254934,0.0,0.4664313602486696,0.0
-0.12300132232152475,0.0,0.9924065067839672,0.0,1.0,0.0,-0.9924065067839672,0.0,-0.12300132232152475,0.09680836752130469,0.0,0.4660196236368873,0.0
-0.12427201133813404,0.0,0.9922481883067233,0.0,1.0,0.0,-0.9922481883067233,0.0,-0.12427201133813404,0.09779034949931022,0.0,0.46560460069320214,0.0
-0.12554871133538426,0.0,0.9920874563676452,0.0,1.0,0.0,-0.9920874563676452,0.0,-0.12554871133538426,0.09877659920326974,0.0,0.465186281104172,0.0
-0.1268313939624913,0.0,0.991924290208447,0.0,1.0,0.0,-0.991924290208447,0.0,-0.1268313939624913,0.09976708921456329,0.0,0.46476465467146294,0.0
-0.12812003052955828,0.0,0.9917586691212258,0.0,1.0,0.0,-0.9917586691212258,0.0,-0.12812003052955828,0.10076179185435065,0.0,0.4643397113140138,0.0
-0.12941459200937963,0.0,0.9915905724516777,0.0,1.0,0.0,-0.9915905724516777,0.0,-0.12941459200937963,0.101760679185746,0.0,0.4639114410702029,0.0
-0.130715049039261,0.0,0.9914199796023195,0.0,1.0,0.0,-0.9914199796023195,0.0,-0.130715049039261,0.1027637230160064,0.0,0.46347983410001636,0.0
-0.13202137192285576,0.0,0.9912468700357177,0.0,1.0,0.0,-0.9912468700357177,0.0,-0.13202137192285576,0.10377089489873537,0.0,0.46304488068721794,0.0
-0.13333353063201756,0.0,0.9910712232777222,0.0,1.0,0.0,-0.9910712232777222,0.0,-0.13333353063201756,0.10478216613610024,0.0,0.46260657124151966,0.0
-0.13465149480867014,0.0,0.990893018920706,0.0,1.0,0.0,-0.990893018920706,0.0,-0.13465149480867014,0.10579750778106474,0.0,0.4621648963007522,0.0
-0.13597523376669335,0.0,0.9907122366268083,0.0,1.0,0.0,-0.9907122366268083,0.0,-0.13597523376669335,0.10681689063963552,0.0,0.46171984653303544,0.0
-0.13730471649382658,0.0,0.990528856131183,0.0,1.0,0.0,-0.990528856131183,0.0,-0.13730471649382658,0.10784028527312352,0.0,0.4612714127389493,0.0
-0.138639911653589,0.0,0.9903428572452497,0.0,1.0,0.0,-0.9903428572452497,0.0,-0.138639911653589,0.10886766200041946,0.0,0.4608195858537016,0.0
-0.13998078758721694,0.0,0.9901542198599481,0.0,1.0,0.0,-0.9901542198599481,0.0,-0.13998078758721694,0.10989899090028421,0.0,0.4603643569492962,0.0
-0.14132731231561907,0.0,0.9899629239489949,0.0,1.0,0.0,-0.9899629239489949,0.0,-0.14132731231561907,0.1109342418136534,0.0,0.45990571723669865,0.0
-0.1426794535413483,0.0,0.9897689495721425,0.0,1.0,0.0,-0.9897689495721425,0.0,-0.1426794535413483,0.11197338434595625,0.0,0.45944365806799875,0.0
-0.1440371786505919,0.0,0.9895722768784387,0.0,1.0,0.0,-0.9895722768784387,0.0,-0.1440371786505919,0.11301638786944901,0.0,0.4589781709385709,0.0
-0.14540045471517937,0.0,0.9893728861094886,0.0,1.0,0.0,-0.9893728861094886,0.0,-0.14540045471517937,0.11406322152556322,0.0,0.45850924748923105,0.0
-0.14676924849460715,0.0,0.9891707576027146,0.0,1.0,0.0,-0.9891707576027146,0.0,-0.14676924849460715,0.1151138542272671,0.0,0.4580368795083898,0.0
-0.1481435264380827,0.0,0.9889658717946181,0.0,1.0,0.0,-0.9889658717946181,0.0,-0.1481435264380827,0.11616825466144262,0.0,0.45756105893420085,0.0
-0.14952325468658562,0.0,0.98875820922404,0.0,1.0,0.0,-0.98875820922404,0.0,-0.14952325468658562,0.11722639129127607,0.0,0.45708177785670545,0.0
-0.15090839907494702,0.0,0.9885477505354188,0.0,1.0,0.0,-0.9885477505354188,0.0,-0.15090839907494702,0.11828823235866277,0.0,0.45659902851997114,0.0
-0.15229892513394744,0.0,0.9883344764820482,0.0,1.0,0.0,-0.9883344764820482,0.0,-0.15229892513394744,0.11935374588662648,0.0,0.4561128033242249,0.0
-0.15369479809243278,0.0,0.9881183679293318,0.0,1.0,0.0,-0.9881183679293318,0.0,-0.15369479809243278,0.12042289968175247,0.0,0.4556230948279809,0.0
-0.155095982879449,0.0,0.9878994058580346,0.0,1.0,0.0,-0.9878994058580346,0.0,-0.155095982879449,0.12149566133663506,0.0,0.4551298957501604,0.0
-0.15650244412639436,0.0,0.9876775713675313,0.0,1.0,0.0,-0.9876775713675313,0.0,-0.15650244412639436,0.12257199823233836,0.0,0.45463319897220633,0.0
-0.15791414616919194,0.0,0.9874528456790507,0.0,1.0,0.0,-0.9874528456790507,0.0,-0.15791414616919194,0.12365187754087265,0.0,0.45413299754018893,0.0
-0.15933105305047873,0.0,0.9872252101389153,0.0,1.0,0.0,-0.9872252101389153,0.0,-0.15933105305047873,0.12473526622768231,0.0,0.4536292846669047,0.0
-0.16075312852181492,0.0,0.986994646221776,0.0,1.0,0.0,-0.986994646221776,0.0,-0.16075312852181492,0.12582213105414958,0.0,0.45312205373396636,0.0
-0.16218033604591123,0.0,0.986761135533841,0.0,1.0,0.0,-0.986761135533841,0.0,-0.16218033604591123,0.12691243858011098,0.0,0.452611298293884,0.0
-0.16361263879887536,0.0,0.9865246598160984,0.0,1.0,0.0,-0.9865246598160984,0.0,-0.16361263879887536,0.12800615516638778,0.0,0.4520970120721373,0.0
-0.16504999967247694,0.0,0.9862852009475329,0.0,1.0,0.0,-0.9862852009475329,0.0,-0.16504999967247694,0.12910324697732983,0.0,0.4515791889692387,0.0
