0.0,0.0,1.0,0.0,1.0,0.0,-1.0,0.0,0.0,0.0,0.0,0.5,0.0
0.0,0.0,1.0,0.0,1.0,0.0,-1.0,0.0,0.0,2.1586817780573288e-08,0.0,0.5000000003564409,0.0
0.0,0.0,1.0,0.0,1.0,0.0,-1.0,0.0,0.0,1.7237021306491958e-07,0.0,0.5000000028461713,0.0
0.0,0.0,1.0,0.0,1.0,0.0,-1.0,0.0,0.0,5.806559557421909e-07,0.0,0.5000000095877722,0.0
0.0,0.0,1.0,0.0,1.0,0.0,-1.0,0.0,0.0,1.373780243009755e-06,0.0,0.5000000226838146,0.0
-1.9066632558087251e-06,0.0,0.9999999999981823,0.0,1.0,0.0,-0.9999999999981823,0.0,-1.9066632558087251e-06,2.6781121807047542e-06,0.0,0.5000000442183473,0.0
-3.288504707200346e-06,0.0,0.9999999999945929,0.0,1.0,0.0,-0.9999999999945929,0.0,-3.288504707200346e-06,4.6190561371038394e-06,0.0,0.5000000762621076,0.0
-5.212173310484612e-06,0.0,0.9999999999864166,0.0,1.0,0.0,-0.9999999999864166,0.0,-5.212173310484612e-06,7.321054291662589e-06,0.0,0.5000001208659256,0.0
-7.765581426484826e-06,0.0,0.9999999999698479,0.0,1.0,0.0,-0.9999999999698479,0.0,-7.765581426484826e-06,1.0907589030809235e-05,0.0,0.5000001800633915,0.0
-1.1035959818252555e-05,0.0,0.9999999999391038,0.0,1.0,0.0,-0.9999999999391038,0.0,-1.1035959818252555e-05,1.5501185409973964e-05,0.0,0.5000002558695102,0.0
-1.5109859387594533e-05,0.0,0.9999999998858461,0.0,1.0,0.0,-0.9999999998858461,0.0,-1.5109859387594533e-05,2.1223413606141723e-05,0.0,0.5000003502799293,0.0
-2.0073152911582426e-05,0.0,0.9999999997985343,0.0,1.0,0.0,-0.9999999997985343,0.0,-2.0073152911582426e-05,2.819489137196194e-05,0.0,0.5000004652700709,0.0
-2.6011036779038618e-05,0.0,0.9999999996617129,0.0,1.0,0.0,-0.9999999996617129,0.0,-2.6011036779038618e-05,3.653528649136183e-05,0.0,0.5000006027941709,0.0
-3.300803272698965e-05,0.0,0.9999999994552349,0.0,1.0,0.0,-0.9999999994552349,0.0,-3.300803272698965e-05,4.636331923659736e-05,0.0,0.5000007647842281,0.0
-4.114798957707759e-05,0.0,0.9999999991534215,0.0,1.0,0.0,-0.9999999991534215,0.0,-4.114798957707759e-05,5.7796764826699945e-05,0.0,0.5000009531488646,0.0
-5.051408497191725e-05,0.0,0.9999999987241636,0.0,1.0,0.0,-0.9999999987241636,0.0,-5.051408497191725e-05,7.09524558872351e-05,0.0,0.500001169772104,0.0
-6.11888271113859e-05,0.0,0.9999999981279637,0.0,1.0,0.0,-0.9999999981279637,0.0,-6.11888271113859e-05,8.594628491130762e-05,0.0,0.5000014165120659,0.0
-7.325405648883024e-05,0.0,0.9999999973169216,0.0,1.0,0.0,-0.9999999973169216,0.0,-7.325405648883024e-05,0.00010289320672179225,0.0,0.5000016951995812,0.0
-8.679094762717272e-05,0.0,0.9999999962336656,0.0,1.0,0.0,-0.9999999962336656,0.0,-8.679094762717272e-05,0.00012190724093465349,0.0,0.5000020076367314,0.0
-0.00010188001081489772,0.0,0.9999999948102317,0.0,1.0,0.0,-0.9999999948102317,0.0,-0.00010188001081489772,0.0001431014744233332,0.0,0.5000023555953145,0.0
-0.00011860109384189623,0.0,0.9999999929668902,0.0,1.0,0.0,-0.9999999929668902,0.0,-0.00011860109384189623,0.0001665880637841284,0.0,0.5000027408152373,0.0
-0.0001370333837351449,0.0,0.9999999906109258,0.0,1.0,0.0,-0.9999999906109258,0.0,-0.0001370333837351449,0.00019247823780244388,0.0,0.5000031650028418,0.0
-0.00015725540849419276,0.0,0.9999999876353681,0.0,1.0,0.0,-0.9999999876353681,0.0,-0.00015725540849419276,0.00022088229991990292,0.0,0.5000036298291626,0.0
-0.00017934503882642848,0.0,0.9999999839176784,0.0,1.0,0.0,-0.9999999839176784,0.0,-0.00017934503882642848,0.00025190963070217894,0.0,0.5000041369281222,0.0
-0.0002033794898820956,0.0,0.9999999793183914,0.0,1.0,0.0,-0.9999999793183914,0.0,-0.0002033794898820956,0.00028566869030750863,0.0,0.5000046878946639,0.0
-0.00022943532298902417,0.0,0.9999999736797159,0.0,1.0,0.0,-0.9999999736797159,0.0,-0.00022943532298902417,0.0003222670209557575,0.0,0.5000052842828266,0.0
-0.00025758844738704245,0.0,0.9999999668240953,0.0,1.0,0.0,-0.9999999668240953,0.0,-0.00025758844738704245,0.0003618112493979875,0.0,0.5000059276037623,0.0
-0.0002879141219620311,0.0,0.9999999585527283,0.0,1.0,0.0,-0.9999999585527283,0.0,-0.0002879141219620311,0.00040440708938641165,0.0,0.5000066193236993,0.0
-0.00032048695697957873,0.0,0.9999999486440538,0.0,1.0,0.0,-0.9999999486440538,0.0,-0.00032048695697957873,0.0004501593441446465,0.0,0.500007360861854,0.0
-0.00035538091581819773,0.0,0.9999999368522003,0.0,1.0,0.0,-0.9999999368522003,0.0,-0.00035538091581819773,0.0004991719088381676,0.0,0.5000081535882931,0.0
-0.0003926693167020529,0.0,0.9999999229054009,0.0,1.0,0.0,-0.9999999229054009,0.0,-0.0003926693167020529,0.000551547773044863,0.0,0.5000089988217471,0.0
-0.00043242483443315895,0.0,0.9999999065043769,0.0,1.0,0.0,-0.9999999065043769,0.0,-0.00043242483443315895,0.0006073890232255771,0.0,0.5000098978273813,0.0
-0.000474719502122992,0.0,0.9999998873206908,0.0,1.0,0.0,-0.9999998873206908,0.0,-0.000474719502122992,0.0006667968451945542,0.0,0.5000108518145209,0.0
-0.000519624712923469,0.0,0.9999998649950698,0.0,1.0,0.0,-0.9999998649950698,0.0,-0.000519624712923469,0.000729871526589657,0.0,0.5000118619343377,0.0
-0.0005672112217572327,0.0,0.999999839135702,0.0,1.0,0.0,-0.999999839135702,0.0,-0.0005672112217572327,0.0007967124593422538,0.0,0.5000129292774962,0.0
-0.0006175491470471947,0.0,0.9999998093165073,0.0,1.0,0.0,-0.9999998093165073,0.0,-0.0006175491470471947,0.0008674181421466536,0.0,0.5000140548717656,0.0
-0.0006707079724452697,0.0,0.9999997750753825,0.0,1.0,0.0,-0.9999997750753825,0.0,-0.0006707079724452697,0.0009420861829289949,0.0,0.5000152396795945,0.0
-0.0007267565485602416,0.0,0.9999997359124246,0.0,1.0,0.0,-0.9999997359124246,0.0,-0.0007267565485602416,0.0010208133013154235,0.0,0.5000164845956556,0.0
-0.0007857630946847011,0.0,0.9999996912881318,0.0,1.0,0.0,-0.9999996912881318,0.0,-0.0007857630946847011,0.0011036953310994912,0.0,0.5000177904443589,0.0
-0.0008477952005209869,0.0,0.9999996406215844,0.0,1.0,0.0,-0.9999996406215844,0.0,-0.0008477952005209869,0.0011908272227086063,0.0,0.5000191579773364,0.0
-0.000912919827906059,0.0,0.999999583288607,0.0,1.0,0.0,-0.999999583288607,0.0,-0.000912919827906059,0.0012823030456694318,0.0,0.5000205878709014,0.0
-0.000981203312535241,0.0,0.9999995186199139,0.0,1.0,0.0,-0.9999995186199139,0.0,-0.000981203312535241,0.0013782159910720813,0.0,0.5000220807234821,0.0
-0.0010527113656847577,0.0,0.9999994458992367,0.0,1.0,0.0,-0.9999994458992367,0.0,-0.0010527113656847577,0.0014786583740330197,0.0,0.5000236370530335,0.0
-0.0011275090759329876,0.0,0.9999993643614399,0.0,1.0,0.0,-0.9999993643614399,0.0,-0.0011275090759329876,0.0015837216361564723,0.0,0.5000252572944284,0.0
-0.0012056609108803658,0.0,0.9999992731906199,0.0,1.0,0.0,-0.9999992731906199,0.0,-0.0012056609108803658,0.0016934963479942795,0.0,0.5000269417968288,0.0
-0.001287230718867853,0.0,0.9999991715181951,0.0,1.0,0.0,-0.9999991715181951,0.0,-0.001287230718867853,0.001808072211503982,0.0,0.5000286908210423,0.0
-0.001372281730693889,0.0,0.9999990584209825,0.0,1.0,0.0,-0.9999990584209825,0.0,-0.001372281730693889,0.0019275380625050655,0.0,0.5000305045368604,0.0
-0.00146087656132976,0.0,0.999998932919267,0.0,1.0,0.0,-0.999998932919267,0.0,-0.00146087656132976,0.00205198187313316,0.0,0.5000323830203864,0.0
-0.0015530772116332857,0.0,0.9999987939748601,0.0,1.0,0.0,-0.9999987939748601,0.0,-0.0015530772116332857,0.002181490754292119,0.0,0.5000343262513487,0.0
-0.0016489450700607512,0.0,0.9999986404891539,0.0,1.0,0.0,-0.9999986404891539,0.0,-0.0016489450700607512,0.002316150958103747,0.0,0.5000363341104064,0.0
-0.001748540914376994,0.0,0.9999984713011669,0.0,1.0,0.0,-0.9999984713011669,0.0,-0.001748540914376994,0.0024560478803551107,0.0,0.5000384063764451,0.0
-0.0018519249133635604,0.0,0.9999982851855873,0.0,1.0,0.0,-0.9999982851855873,0.0,-0.0018519249133635604,0.0026012660629432284,0.0,0.5000405427238673,0.0
-0.001959156628524848,0.0,0.9999980808508109,0.0,1.0,0.0,-0.9999980808508109,0.0,-0.001959156628524848,0.00275188919631702,0.0,0.5000427427198763,0.0
-0.0020702950157921326,0.0,0.9999978569369774,0.0,1.0,0.0,-0.9999978569369774,0.0,-0.0020702950157921326,0.0029080001219163394,0.0,0.5000450058217574,0.0
-0.0021853984272254,0.0,0.9999976120140059,0.0,1.0,0.0,-0.9999976120140059,0.0,-0.0021853984272254,0.003069680834607954,0.0,0.5000473313741582,0.0
-0.002304524612712906,0.0,0.9999973445796291,0.0,1.0,0.0,-0.9999973445796291,0.0,-0.002304524612712906,0.003237012485118339,0.0,0.5000497186063668,0.0
-0.0024277307216683274,0.0,0.9999970530574293,0.0,1.0,0.0,-0.9999970530574293,0.0,-0.0024277307216683274,0.0034100753824630563,0.0,0.5000521666295923,0.0
-0.0025550733047254664,0.0,0.9999967357948762,0.0,1.0,0.0,-0.9999967357948762,0.0,-0.0025550733047254664,0.003588948996372663,0.0,0.5000546744342484,0.0
-0.002686608315430369,0.0,0.9999963910613675,0.0,1.0,0.0,-0.9999963910613675,0.0,-0.002686608315430369,0.003773711959714924,0.0,0.5000572408872396,0.0
-0.002822391111930794,0.0,0.9999960170462737,0.0,1.0,0.0,-0.9999960170462737,0.0,-0.002822391111930794,0.0039644420709131776,0.0,0.5000598647292552,0.0
-0.002962476458662932,0.0,0.999995611856988,0.0,1.0,0.0,-0.999995611856988,0.0,-0.002962476458662932,0.004161216296360756,0.0,0.5000625445720688,0.0
-0.0031069185280352524,0.0,0.9999951735169826,0.0,1.0,0.0,-0.9999951735169826,0.0,-0.0031069185280352524,0.004364110772831206,0.0,0.5000652788958468,0.0
-0.0032557709021094304,0.0,0.9999946999638712,0.0,1.0,0.0,-0.9999946999638712,0.0,-0.0032557709021094304,0.004573200809884264,0.0,0.5000680660464669,0.0
-0.0034090865742782074,0.0,0.9999941890474809,0.0,1.0,0.0,-0.9999941890474809,0.0,-0.0034090865742782074,0.004788560892267308,0.0,0.5000709042328477,0.0
-0.0035669179509401406,0.0,0.9999936385279314,0.0,1.0,0.0,-0.9999936385279314,0.0,-0.0035669179509401406,0.005010264682312275,0.0,0.5000737915242904,0.0
-0.0037293168531710944,0.0,0.9999930460737257,0.0,1.0,0.0,-0.9999930460737257,0.0,-0.0037293168531710944,0.005238385022327722,0.0,0.5000767258478357,0.0
-0.003896334518392414,0.0,0.9999924092598508,0.0,1.0,0.0,-0.9999924092598508,0.0,-0.003896334518392414,0.005472993936986019,0.0,0.5000797049856339,0.0
-0.004068021602035683,0.0,0.9999917255658896,0.0,1.0,0.0,-0.9999917255658896,0.0,-0.004068021602035683,0.005714162635705454,0.0,0.5000827265723328,0.0
-0.004244428179203934,0.0,0.9999909923741471,0.0,1.0,0.0,-0.9999909923741471,0.0,-0.004244428179203934,0.0059619615150270444,0.0,0.5000857880924829,0.0
-0.004425603746329278,0.0,0.9999902069677885,0.0,1.0,0.0,-0.9999902069677885,0.0,-0.004425603746329278,0.0062164601609860475,0.0,0.5000888868779617,0.0
-0.004611597222826783,0.0,0.9999893665289918,0.0,1.0,0.0,-0.9999893665289918,0.0,-0.004611597222826783,0.00647772735147784,0.0,0.5000920201054165,0.0
-0.004802456952744595,0.0,0.9999884681371166,0.0,1.0,0.0,-0.9999884681371166,0.0,-0.004802456952744595,0.0067458310586181675,0.0,0.5000951847937308,0.0
-0.004998230706410107,0.0,0.9999875087668872,0.0,1.0,0.0,-0.9999875087668872,0.0,-0.004998230706410107,0.007020838451097506,0.0,0.5000983778015107,0.0
-0.005198965682072186,0.0,0.9999864852865946,0.0,1.0,0.0,-0.9999864852865946,0.0,-0.005198965682072186,0.007302815896529445,0.0,0.5001015958245968,0.0
-0.0054047085075392826,0.0,0.9999853944563133,0.0,1.0,0.0,-0.9999853944563133,0.0,-0.0054047085075392826,0.007591828963792937,0.0,0.5001048353935984,0.0
-0.005615505241813379,0.0,0.9999842329261392,0.0,1.0,0.0,-0.9999842329261392,0.0,-0.005615505241813379,0.007887942425368224,0.0,0.5001080928714557,0.0
-0.005831401376719674,0.0,0.9999829972344447,0.0,1.0,0.0,-0.9999829972344447,0.0,-0.005831401376719674,0.008191220259666386,0.0,0.5001113644510267,0.0
-0.006052441838531906,0.0,0.9999816838061542,0.0,1.0,0.0,-0.9999816838061542,0.0,-0.006052441838531906,0.008501725653352261,0.0,0.5001146461527031,0.0
-0.006278670989593231,0.0,0.9999802889510395,0.0,1.0,0.0,-0.9999802889510395,0.0,-0.006278670989593231,0.00881952100366067,0.0,0.5001179338220534,0.0
-0.006510132629932601,0.0,0.9999788088620382,0.0,1.0,0.0,-0.9999788088620382,0.0,-0.006510132629932601,0.009144667920705823,0.0,0.500121223127498,0.0
-0.006746869998876468,0.0,0.9999772396135915,0.0,1.0,0.0,-0.9999772396135915,0.0,-0.006746869998876468,0.009477227229783643,0.0,0.5001245095580125,0.0
-0.006988925776655865,0.0,0.9999755771600066,0.0,1.0,0.0,-0.9999755771600066,0.0,-0.006988925776655865,0.0098172589736671,0.0,0.5001277884208641,0.0
-0.007236342086008632,0.0,0.9999738173338412,0.0,1.0,0.0,-0.9999738173338412,0.0,-0.007236342086008632,0.010164822414894152,0.0,0.5001310548393805,0.0
-0.007489160493776863,0.0,0.9999719558443119,0.0,1.0,0.0,-0.9999719558443119,0.0,-0.007489160493776863,0.010519976038048445,0.0,0.5001343037507504,0.0
-0.007747422012499315,0.0,0.9999699882757284,0.0,1.0,0.0,-0.9999699882757284,0.0,-0.007747422012499315,0.010882777552032348,0.0,0.5001375299038618,0.0
-0.008011167101998888,0.0,0.9999679100859507,0.0,1.0,0.0,-0.9999679100859507,0.0,-0.008011167101998888,0.011253283892332516,0.0,0.5001407278571717,0.0
-0.008280435670964969,0.0,0.9999657166048739,0.0,1.0,0.0,-0.9999657166048739,0.0,-0.008280435670964969,0.011631551223277596,0.0,0.5001438919766139,0.0
-0.008555267078530606,0.0,0.9999634030329385,0.0,1.0,0.0,-0.9999634030329385,0.0,-0.008555267078530606,0.012017634940288098,0.0,0.5001470164335441,0.0
-0.00883570013584447,0.0,0.9999609644396672,0.0,1.0,0.0,-0.9999609644396672,0.0,-0.00883570013584447,0.012411589672118313,0.0,0.5001500952027204,0.0
-0.009121773107637503,0.0,0.9999583957622301,0.0,1.0,0.0,-0.9999583957622301,0.0,-0.009121773107637503,0.012813469283090108,0.0,0.5001531220603247,0.0
-0.009413523713784174,0.0,0.9999556918040369,0.0,1.0,0.0,-0.9999556918040369,0.0,-0.009413523713784174,0.013223326875318544,0.0,0.5001560905820213,0.0
-0.009710989130858317,0.0,0.9999528472333584,0.0,1.0,0.0,-0.9999528472333584,0.0,-0.009710989130858317,0.01364121479092916,0.0,0.5001589941410569,0.0
-0.010014205993683465,0.0,0.9999498565819769,0.0,1.0,0.0,-0.9999498565819769,0.0,-0.010014205993683465,0.014067184614266932,0.0,0.5001618259064008,0.0
-0.010323210396877648,0.0,0.9999467142438649,0.0,1.0,0.0,-0.9999467142438649,0.0,-0.010323210396877648,0.014501287174096692,0.0,0.5001645788409247,0.0
-0.010638037896392514,0.0,0.9999434144738966,0.0,1.0,0.0,-0.9999434144738966,0.0,-0.010638037896392514,0.014943572545794918,0.0,0.5001672456996287,0.0
-0.01095872351104684,0.0,0.9999399513865862,0.0,1.0,0.0,-0.9999399513865862,0.0,-0.01095872351104684,0.01539409005353295,0.0,0.500169819027905,0.0
-0.011285301724054314,0.0,0.9999363189548608,0.0,1.0,0.0,-0.9999363189548608,0.0,-0.011285301724054314,0.015852888272451404,0.0,0.500172291159849,0.0
-0.01161780648454549,0.0,0.9999325110088618,0.0,1.0,0.0,-0.9999325110088618,0.0,-0.01161780648454549,0.016320015030825693,0.0,0.5001746542166114,0.0
-0.01195627120908401,0.0,0.9999285212347805,0.0,1.0,0.0,-0.9999285212347805,0.0,-0.01195627120908401,0.016795517412222752,0.0,0.5001769001047984,0.0
-0.012300728783176873,0.0,0.9999243431737237,0.0,1.0,0.0,-0.9999243431737237,0.0,-0.012300728783176873,0.017279441757648676,0.0,0.5001790205149125,0.0
-0.012651211562778906,0.0,0.9999199702206141,0.0,1.0,0.0,-0.9999199702206141,0.0,-0.012651211562778906,0.0177718336676874,0.0,0.500181006919843,0.0
-0.013007751375791188,0.0,0.9999153956231225,0.0,1.0,0.0,-0.9999153956231225,0.0,-0.013007751375791188,0.01827273800463018,0.0,0.5001828505734014,0.0
-0.013370379523553582,0.0,0.9999106124806337,0.0,1.0,0.0,-0.9999106124806337,0.0,-0.013370379523553582,0.018782198894595977,0.0,0.5001845425089033,0.0
-0.013739126782331227,0.0,0.9999056137432468,0.0,1.0,0.0,-0.9999056137432468,0.0,-0.013739126782331227,0.019300259729642603,0.0,0.5001860735377984,0.0
-0.014114023404794979,0.0,0.9999003922108086,0.0,1.0,0.0,-0.9999003922108086,0.0,-0.014114023404794979,0.019826963169868563,0.0,0.5001874342483476,0.0
-0.014495099121495856,0.0,0.9998949405319831,0.0,1.0,0.0,-0.9998949405319831,0.0,-0.014495099121495856,0.02036235114550564,0.0,0.5001886150043497,0.0
-0.014882383142333344,0.0,0.9998892512033544,0.0,1.0,0.0,-0.9998892512033544,0.0,-0.014882383142333344,0.020906464859002116,0.0,0.5001896059439158,0.0
-0.0152759041580176,0.0,0.999883316568566,0.0,1.0,0.0,-0.999883316568566,0.0,-0.0152759041580176,0.021459344787096546,0.0,0.5001903969782945,0.0
-0.01567569034152562,0.0,0.9998771288174946,0.0,1.0,0.0,-0.9998771288174946,0.0,-0.01567569034152562,0.02202103068288226,0.0,0.5001909777907441,0.0
-0.016081769349551203,0.0,0.9998706799854609,0.0,1.0,0.0,-0.9998706799854609,0.0,-0.016081769349551203,0.0225915615778623,0.0,0.5001913378354589,0.0
-0.016494168323948774,0.0,0.9998639619524754,0.0,1.0,0.0,-0.9998639619524754,0.0,-0.016494168323948774,0.023170975783994907,0.0,0.500191466336543,0.0
-0.016912913893171184,0.0,0.9998569664425218,0.0,1.0,0.0,-0.9998569664425218,0.0,-0.016912913893171184,0.023759310895729704,0.0,0.5001913522870364,0.0
-0.017338032173701227,0.0,0.9998496850228756,0.0,1.0,0.0,-0.9998496850228756,0.0,-0.017338032173701227,0.024356603792034186,0.0,0.5001909844479923,0.0
-0.01776954877147713,0.0,0.9998421091034615,0.0,1.0,0.0,-0.9998421091034615,0.0,-0.01776954877147713,0.024962890638410916,0.0,0.5001903513476063,0.0
-0.018207488783311822,0.0,0.9998342299362458,0.0,1.0,0.0,-0.9998342299362458,0.0,-0.018207488783311822,0.0255782068889051,0.0,0.5001894412803971,0.0
-0.01865187679830621,0.0,0.9998260386146686,0.0,1.0,0.0,-0.9998260386146686,0.0,-0.01865187679830621,0.026202587288102878,0.0,0.5001882423064409,0.0
-0.019102736899256203,0.0,0.9998175260731119,0.0,1.0,0.0,-0.9998175260731119,0.0,-0.019102736899256203,0.02683606587311994,0.0,0.5001867422506571,0.0
-0.01956009266405374,0.0,0.9998086830864061,0.0,1.0,0.0,-0.9998086830864061,0.0,-0.01956009266405374,0.027478675975580905,0.0,0.5001849287021477,0.0
-0.02002396716708177,0.0,0.9997995002693748,0.0,1.0,0.0,-0.9997995002693748,0.0,-0.02002396716708177,0.02813045022358926,0.0,0.5001827890135904,0.0
-0.02049438298060309,0.0,0.9997899680764177,0.0,1.0,0.0,-0.9997899680764177,0.0,-0.02049438298060309,0.028791420543687794,0.0,0.5001803103006848,0.0
-0.02097136217614328,0.0,0.9997800768011318,0.0,1.0,0.0,-0.9997800768011318,0.0,-0.02097136217614328,0.02946161816280989,0.0,0.5001774794416521,0.0
-0.021454926325867544,0.0,0.9997698165759714,0.0,1.0,0.0,-0.9997698165759714,0.0,-0.021454926325867544,0.03014107361022128,0.0,0.5001742830767906,0.0
-0.021945096503951746,0.0,0.9997591773719471,0.0,1.0,0.0,-0.9997591773719471,0.0,-0.021945096503951746,0.03082981671945288,0.0,0.5001707076080828,0.0
-0.022441893287947403,0.0,0.9997481489983627,0.0,1.0,0.0,-0.9997481489983627,0.0,-0.022441893287947403,0.03152787663022407,0.0,0.5001667391988597,0.0
-0.022945336760140895,0.0,0.9997367211025929,0.0,1.0,0.0,-0.9997367211025929,0.0,-0.022945336760140895,0.03223528179035707,0.0,0.500162363773518,0.0
-0.02345544650890685,0.0,0.9997248831698988,0.0,1.0,0.0,-0.9997248831698988,0.0,-0.02345544650890685,0.03295205995768218,0.0,0.5001575670172942,0.0
-0.023972241630055766,0.0,0.9997126245232828,0.0,1.0,0.0,-0.9997126245232828,0.0,-0.023972241630055766,0.03367823820193403,0.0,0.5001523343760905,0.0
-0.024495740728175956,0.0,0.9996999343233839,0.0,1.0,0.0,-0.9996999343233839,0.0,-0.024495740728175956,0.03441384290663888,0.0,0.50014665105636,0.0
-0.025025961917969703,0.0,0.9996868015684114,0.0,1.0,0.0,-0.9996868015684114,0.0,-0.025025961917969703,0.03515889977099295,0.0,0.500140502025044,0.0
-0.025562922825584113,0.0,0.9996732150941192,0.0,1.0,0.0,-0.9996732150941192,0.0,-0.025562922825584113,0.03591343381173237,0.0,0.5001338720095667,0.0
-0.02610664058993616,0.0,0.9996591635738192,0.0,1.0,0.0,-0.9996591635738192,0.0,-0.02610664058993616,0.036677469364994,0.0,0.5001267454978849,0.0
-0.026657131864032443,0.0,0.9996446355184344,0.0,1.0,0.0,-0.9996446355184344,0.0,-0.026657131864032443,0.037451030088167955,0.0,0.5001191067385936,0.0
-0.02721441281628362,0.0,0.9996296192765923,0.0,1.0,0.0,-0.9996296192765923,0.0,-0.02721441281628362,0.038234138961741666,0.0,0.5001109397410869,0.0
-0.027778499131813402,0.0,0.9996141030347581,0.0,1.0,0.0,-0.9996141030347581,0.0,-0.027778499131813402,0.039026818291135475,0.0,0.5001022282757759,0.0
-0.028349406013762443,0.0,0.9995980748174073,0.0,1.0,0.0,-0.9995980748174073,0.0,-0.028349406013762443,0.039829089708530045,0.0,0.5000929558743616,0.0
-0.028927148184587127,0.0,0.9995815224872391,0.0,1.0,0.0,-0.9995815224872391,0.0,-0.028927148184587127,0.0406409741746857,0.0,0.5000831058301642,0.0
-0.029511739887353238,0.0,0.9995644337454296,0.0,1.0,0.0,-0.9995644337454296,0.0,-0.029511739887353238,0.04146249198075364,0.0,0.5000726611985091,0.0
-0.03010319488702482,0.0,0.9995467961319239,0.0,1.0,0.0,-0.9995467961319239,0.0,-0.03010319488702482,0.04229366275007955,0.0,0.5000616047971671,0.0
-0.030701526471748068,0.0,0.9995285970257702,0.0,1.0,0.0,-0.9995285970257702,0.0,-0.030701526471748068,0.043134505439999145,0.0,0.5000499192068534,0.0
-0.031306747454130625,0.0,0.9995098236454923,0.0,1.0,0.0,-0.9995098236454923,0.0,-0.031306747454130625,0.04398503834362651,0.0,0.5000375867717801,0.0
-0.031918870172516135,0.0,0.9994904630495031,0.0,1.0,0.0,-0.9994904630495031,0.0,-0.031918870172516135,0.044845279091634736,0.0,0.5000245896002673,0.0
-0.03253790649225441,0.0,0.999470502136557,0.0,1.0,0.0,-0.999470502136557,0.0,-0.03253790649225441,0.04571524465402944,0.0,0.5000109095654077,0.0
-0.03316386780696698,0.0,0.9994499276462439,0.0,1.0,0.0,-0.9994499276462439,0.0,-0.03316386780696698,0.04659495134191504,0.0,0.49999652830578956,0.0
-0.033796765039808684,0.0,0.9994287261595216,0.0,1.0,0.0,-0.9994287261595216,0.0,-0.033796765039808684,0.047484414809254326,0.0,0.4999814272262739,0.0
-0.034436608644724816,0.0,0.9994068840992892,0.0,1.0,0.0,-0.9994068840992892,0.0,-0.034436608644724816,0.04838365005462102,0.0,0.49996558749882924,0.0
-0.035083408607704335,0.0,0.9993843877309996,0.0,1.0,0.0,-0.9993843877309996,0.0,-0.035083408607704335,0.04929267142294587,0.0,0.4999489900634207,0.0
-0.035737174448029235,0.0,0.999361223163312,0.0,1.0,0.0,-0.999361223163312,0.0,-0.035737174448029235,0.050211492607256256,0.0,0.499931615628956,0.0
-0.036397915219520044,0.0,0.9993373763487847,0.0,1.0,0.0,-0.9993373763487847,0.0,-0.036397915219520044,0.05114012665040971,0.0,0.49991344467428683,0.0
-0.03706563951177777,0.0,0.9993128330846066,0.0,1.0,0.0,-0.9993128330846066,0.0,-0.03706563951177777,0.05207858594682133,0.0,0.49989445744926553,0.0
-0.03774035545142221,0.0,0.9992875790133691,0.0,1.0,0.0,-0.9992875790133691,0.0,-0.03774035545142221,0.05302688224418519,0.0,0.49987463397585774,0.0
-0.03842207070332714,0.0,0.9992615996238765,0.0,1.0,0.0,-0.9992615996238765,0.0,-0.03842207070332714,0.05398502664519054,0.0,0.4998539540493098,0.0
-0.03911079247185207,0.0,0.9992348802519975,0.0,1.0,0.0,-0.9992348802519975,0.0,-0.03911079247185207,0.0549530296092322,0.0,0.4998323972393727,0.0
-0.03980652750207102,0.0,0.9992074060815537,0.0,1.0,0.0,-0.9992074060815537,0.0,-0.03980652750207102,0.05593090095411584,0.0,0.49980994289157926,0.0
-0.04050928208099852,0.0,0.9991791621452492,0.0,1.0,0.0,-0.9991791621452492,0.0,-0.04050928208099852,0.056918649857758526,0.0,0.49978657012857763,0.0
-0.04121906203881268,0.0,0.9991501333256382,0.0,1.0,0.0,-0.9991501333256382,0.0,-0.04121906203881268,0.05791628485988421,0.0,0.49976225785151934,0.0
-0.041935872750075716,0.0,0.9991203043561319,0.0,1.0,0.0,-0.9991203043561319,0.0,-0.041935872750075716,0.05892381386371466,0.0,0.49973698474150136,0.0
-0.04265971913495218,0.0,0.9990896598220437,0.0,1.0,0.0,-0.9990896598220437,0.0,-0.04265971913495218,0.05994124413765646,0.0,0.4997107292610629,0.0
-0.04339060566042485,0.0,0.9990581841616741,0.0,1.0,0.0,-0.9990581841616741,0.0,-0.04339060566042485,0.060968582316983634,0.0,0.4996834696557374,0.0
-0.04412853634150849,0.0,0.9990258616674326,0.0,1.0,0.0,-0.9990258616674326,0.0,-0.04412853634150849,0.062005834405516484,0.0,0.4996551839556559,0.0
-0.044873514742461755,0.0,0.9989926764869991,0.0,1.0,0.0,-0.9989926764869991,0.0,-0.044873514742461755,0.0630530057772969,0.0,0.4996258499772076,0.0
-0.04562554397799744,0.0,0.998958612624523,0.0,1.0,0.0,-0.998958612624523,0.0,-0.04562554397799744,0.06411010117826052,0.0,0.4995954453247512,0.0
-0.04638462671449106,0.0,0.9989236539418602,0.0,1.0,0.0,-0.9989236539418602,0.0,-0.04638462671449106,0.06517712472790559,0.0,0.4995639473923808,0.0
-0.04715076517118808,0.0,0.9988877841598482,0.0,1.0,0.0,-0.9988877841598482,0.0,-0.04715076517118808,0.066254079920959,0.0,0.4995313333657449,0.0
-0.04792396112141004,0.0,0.9988509868596184,0.0,1.0,0.0,-0.9988509868596184,0.0,-0.04792396112141004,0.06734096962904013,0.0,0.4994975802239176,0.0
-0.048704215893759624,0.0,0.9988132454839463,0.0,1.0,0.0,-0.9988132454839463,0.0,-0.048704215893759624,0.06843779610232205,0.0,0.4994626647413234,0.0
-0.04949153037332499,0.0,0.9987745433386387,0.0,1.0,0.0,-0.9987745433386387,0.0,-0.04949153037332499,0.06954456097119105,0.0,0.49942656348971265,0.0
-0.05028590500288332,0.0,0.9987348635939576,0.0,1.0,0.0,-0.9987348635939576,0.0,-0.05028590500288332,0.07066126524790406,0.0,0.4993892528401907,0.0
-0.05108733978410419,0.0,0.9986941892860814,0.0,1.0,0.0,-0.9986941892860814,0.0,-0.05108733978410419,0.07178790932824505,0.0,0.49935070896529754,0.0
-0.051895834278752655,0.0,0.9986525033186029,0.0,1.0,0.0,-0.9986525033186029,0.0,-0.051895834278752655,0.07292449299318021,0.0,0.4993109078411394,0.0
-0.05271138760989218,0.0,0.9986097884640626,0.0,1.0,0.0,-0.9986097884640626,0.0,-0.05271138760989218,0.07407101541051188,0.0,0.4992698252495715,0.0
-0.05353399846308797,0.0,0.9985660273655188,0.0,1.0,0.0,-0.9985660273655188,0.0,-0.05353399846308797,0.0752274751365325,0.0,0.4992274367804304,0.0
-0.05436366508761067,0.0,0.9985212025381545,0.0,1.0,0.0,-0.9985212025381545,0.0,-0.05436366508761067,0.07639387011767798,0.0,0.499183717833819,0.0
-0.055200385297640465,0.0,0.9984752963709177,0.0,1.0,0.0,-0.9984752963709177,0.0,-0.055200385297640465,0.077570197692181,0.0,0.49913864362243915,0.0
-0.05604415647347233,0.0,0.9984282911281996,0.0,1.0,0.0,-0.9984282911281996,0.0,-0.05604415647347233,0.07875645459172488,0.0,0.499092189173976,0.0
-0.056894975562722085,0.0,0.9983801689515459,0.0,1.0,0.0,-0.9983801689515459,0.0,-0.056894975562722085,0.07995263694309805,0.0,0.49904432933353005,0.0
-0.05775283908153378,0.0,0.998330911861404,0.0,1.0,0.0,-0.998330911861404,0.0,-0.05775283908153378,0.08115874026984941,0.0,0.4989950387660994,0.0
-0.05861774311578856,0.0,0.9982805017589051,0.0,1.0,0.0,-0.9982805017589051,0.0,-0.05861774311578856,0.08237475949394486,0.0,0.49894429195911094,0.0
-0.059489683322315315,0.0,0.9982289204276795,0.0,1.0,0.0,-0.9982289204276795,0.0,-0.059489683322315315,0.08360068893742584,0.0,0.4988920632249975,0.0
-0.06036865493010293,0.0,0.998176149535707,0.0,1.0,0.0,-0.998176149535707,0.0,-0.06036865493010293,0.08483652232406909,0.0,0.4988383267038263,0.0
-0.06125465274151517,0.0,0.9981221706372003,0.0,1.0,0.0,-0.9981221706372003,0.0,-0.06125465274151517,0.08608225278104926,0.0,0.4987830563659714,0.0
-0.06214767113350742,0.0,0.9980669651745224,0.0,1.0,0.0,-0.9980669651745224,0.0,-0.06214767113350742,0.0873378728406038,0.0,0.4987262260148359,0.0
-0.06304770405884641,0.0,0.9980105144801372,0.0,1.0,0.0,-0.9980105144801372,0.0,-0.06304770405884641,0.08860337444170067,0.0,0.49866780928961946,0.0
-0.06395474504733266,0.0,0.9979527997785921,0.0,1.0,0.0,-0.9979527997785921,0.0,-0.06395474504733266,0.08987874893170951,0.0,0.4986077796681318,0.0
-0.06486878720702566,0.0,0.9978938021885343,0.0,1.0,0.0,-0.9978938021885343,0.0,-0.06486878720702566,0.09116398706807577,0.0,0.4985461104696534,0.0
-0.06578982322547292,0.0,0.9978335027247587,0.0,1.0,0.0,-0.9978335027247587,0.0,-0.06578982322547292,0.0924590790199996,0.0,0.4984827748578399,0.0
-0.06671784537094212,0.0,0.9977718823002877,0.0,1.0,0.0,-0.9977718823002877,0.0,-0.06671784537094212,0.0937640143701182,0.0,0.49841774584367254,0.0
-0.06765284549365709,0.0,0.9977089217284826,0.0,1.0,0.0,-0.9977089217284826,0.0,-0.06765284549365709,0.095078782116193,0.0,0.4983509962884521,0.0
-0.06859481502703782,0.0,0.9976446017251868,0.0,1.0,0.0,-0.9976446017251868,0.0,-0.06859481502703782,0.09640337067280161,0.0,0.4982824989068383,0.0
-0.06954374498894475,0.0,0.9975789029108989,0.0,1.0,0.0,-0.9975789029108989,0.0,-0.06954374498894475,0.0977377678730352,0.0,0.498212226269931,0.0
-0.07049962598292743,0.0,0.9975118058129775,0.0,1.0,0.0,-0.9975118058129775,0.0,-0.07049962598292743,0.09908196097020126,0.0,0.4981401508083957,0.0
-0.07146244819947797,0.0,0.9974432908678753,0.0,1.0,0.0,-0.9974432908678753,0.0,-0.07146244819947797,0.10043593663953233,0.0,0.49806624481563105,0.0
-0.07243220141728936,0.0,0.9973733384234036,0.0,1.0,0.0,-0.9973733384234036,0.0,-0.07243220141728936,0.10179968097990101,0.0,0.49799048045097866,0.0
-0.07340887500451902,0.0,0.9973019287410262,0.0,1.0,0.0,-0.9973019287410262,0.0,-0.07340887500451902,0.10317317951554145,0.0,0.4979128297429743,0.0
-0.07439245792005776,0.0,0.9972290419981823,0.0,1.0,0.0,-0.9972290419981823,0.0,-0.07439245792005776,0.10455641719777789,0.0,0.49783326459264016,0.0
-0.07538293871480449,0.0,0.9971546582906385,0.0,1.0,0.0,-0.9971546582906385,0.0,-0.07538293871480449,0.10594937840676065,0.0,0.4977517567768181,0.0
-0.07638030553294667,0.0,0.997078757634869,0.0,1.0,0.0,-0.997078757634869,0.0,-0.07638030553294667,0.10735204695320935,0.0,0.49766827795154234,0.0
-0.07738454611324706,0.0,0.9970013199704636,0.0,1.0,0.0,-0.9970013199704636,0.0,-0.07738454611324706,0.10876440608016463,0.0,0.49758279965545227,0.0
-0.07839564779033682,0.0,0.9969223251625642,0.0,1.0,0.0,-0.9969223251625642,0.0,-0.07839564779033682,0.11018643846474761,0.0,0.4974952933132439,0.0
-0.07941359749601538,0.0,0.9968417530043276,0.0,1.0,0.0,-0.9968417530043276,0.0,-0.07941359749601538,0.11161812621992888,0.0,0.49740573023915985,0.0
-0.08043838176055688,0.0,0.9967595832194155,0.0,1.0,0.0,-0.9967595832194155,0.0,-0.08043838176055688,0.11305945089630563,0.0,0.49731408164051677,0.0
-0.081469986714024,0.0,0.9966757954645115,0.0,1.0,0.0,-0.9966757954645115,0.0,-0.081469986714024,0.1145103934838888,0.0,0.4972203186212716,0.0
-0.08250839808758917,0.0,0.9965903693318634,0.0,1.0,0.0,-0.9965903693318634,0.0,-0.08250839808758917,0.11597093441389976,0.0,0.4971244121856229,0.0
-0.08355360121486337,0.0,0.9965032843518518,0.0,1.0,0.0,-0.9965032843518518,0.0,-0.08355360121486337,0.11744105356057724,0.0,0.49702633324164935,0.0
-0.08460558103323244,0.0,0.9964145199955835,0.0,1.0,0.0,-0.9964145199955835,0.0,-0.08460558103323244,0.11892073024299425,0.0,0.4969260526049841,0.0
-0.0856643220852022,0.0,0.9963240556775104,0.0,1.0,0.0,-0.9963240556775104,0.0,-0.0856643220852022,0.12040994322688651,0.0,0.4968235410025235,0.0
-0.08672980851975128,0.0,0.9962318707580717,0.0,1.0,0.0,-0.9962318707580717,0.0,-0.08672980851975128,0.12190867072649161,0.0,0.49671876907617085,0.0
-0.08780202409369271,0.0,0.9961379445463618,0.0,1.0,0.0,-0.9961379445463618,0.0,-0.08780202409369271,0.1234168904063995,0.0,0.49661170738661425,0.0
-0.08888095217304469,0.0,0.9960422563028202,0.0,1.0,0.0,-0.9960422563028202,0.0,-0.08888095217304469,0.12493457938341539,0.0,0.49650232641713743,0.0
-0.08996657573440975,0.0,0.9959447852419454,0.0,1.0,0.0,-0.9959447852419454,0.0,-0.08996657573440975,0.12646171422843425,0.0,0.49639059657746365,0.0
-0.09105887736636402,0.0,0.9958455105350315,0.0,1.0,0.0,-0.9958455105350315,0.0,-0.09105887736636402,0.12799827096832844,0.0,0.4962764882076311,0.0
-0.09215783927085525,0.0,0.9957444113129268,0.0,1.0,0.0,-0.9957444113129268,0.0,-0.09215783927085525,0.12954422508784763,0.0,0.49615997158190084,0.0
-0.09326344326461125,0.0,0.9956414666688148,0.0,1.0,0.0,-0.9956414666688148,0.0,-0.09326344326461125,0.13109955153153244,0.0,0.49604101691269525,0.0
-0.09437567078055818,0.0,0.9955366556610157,0.0,1.0,0.0,-0.9955366556610157,0.0,-0.09437567078055818,0.1326642247056417,0.0,0.49591959435456595,0.0
-0.09549450286924857,0.0,0.9954299573158099,0.0,1.0,0.0,-0.9954299573158099,0.0,-0.09549450286924857,0.1342382184800927,0.0,0.4957956740081931,0.0
-0.09661992020030082,0.0,0.9953213506302814,0.0,1.0,0.0,-0.9953213506302814,0.0,-0.09661992020030082,0.13582150619041725,0.0,0.4956692259244124,0.0
-0.09775190306384865,0.0,0.9952108145751813,0.0,1.0,0.0,-0.9952108145751813,0.0,-0.09775190306384865,0.13741406063973116,0.0,0.49554022010827087,0.0
-0.09889043137200174,0.0,0.9950983280978114,0.0,1.0,0.0,-0.9950983280978114,0.0,-0.09889043137200174,0.1390158541007189,0.0,0.49540862652311074,0.0
-0.10003548466031761,0.0,0.9949838701249258,0.0,1.0,0.0,-0.9949838701249258,0.0,-0.10003548466031761,0.14062685831763388,0.0,0.49527441509468006,0.0
-0.10118704208928503,0.0,0.994867419565653,0.0,1.0,0.0,-0.994867419565653,0.0,-0.10118704208928503,0.14224704450831407,0.0,0.49513755571527046,0.0
-0.1023450824458184,0.0,0.9947489553144344,0.0,1.0,0.0,-0.9947489553144344,0.0,-0.1023450824458184,0.143876383366213,0.0,0.4949980182478799,0.0
-0.10350958414476528,0.0,0.9946284562539812,0.0,1.0,0.0,-0.9946284562539812,0.0,-0.10350958414476528,0.14551484506244883,0.0,0.4948557725304009,0.0
-0.10468052523042472,0.0,0.9945059012582491,0.0,1.0,0.0,-0.9945059012582491,0.0,-0.10468052523042472,0.14716239924786753,0.0,0.49471078837983357,0.0
-0.10585788337807857,0.0,0.9943812691954295,0.0,1.0,0.0,-0.9943812691954295,0.0,-0.10585788337807857,0.14881901505512493,0.0,0.4945630355965231,0.0
-0.10704163589553524,0.0,0.9942545389309558,0.0,1.0,0.0,-0.9942545389309558,0.0,-0.10704163589553524,0.1504846611007851,0.0,0.4944124839684181,0.0
-0.10823175972468618,0.0,0.9941256893305281,0.0,1.0,0.0,-0.9941256893305281,0.0,-0.10823175972468618,0.15215930548743645,0.0,0.4942591032753548,0.0
-0.10942823144307513,0.0,0.9939946992631504,0.0,1.0,0.0,-0.9939946992631504,0.0,-0.10942823144307513,0.15384291580582543,0.0,0.49410286329336023,0.0
-0.11063102726548096,0.0,0.9938615476041843,0.0,1.0,0.0,-0.9938615476041843,0.0,-0.11063102726548096,0.1555354591370092,0.0,0.4939437337989776,0.0
-0.11184012304551351,0.0,0.9937262132384173,0.0,1.0,0.0,-0.9937262132384173,0.0,-0.11184012304551351,0.15723690205452573,0.0,0.4937816845736132,0.0
-0.11305549427722313,0.0,0.9935886750631434,0.0,1.0,0.0,-0.9935886750631434,0.0,-0.11305549427722313,0.15894721062658318,0.0,0.4936166854079014,0.0
-0.1142771160967243,0.0,0.9934489119912587,0.0,1.0,0.0,-0.9934489119912587,0.0,-0.1142771160967243,0.1606663504182689,0.0,0.49344870610608893,0.0
-0.11550496328383263,0.0,0.9933069029543691,0.0,1.0,0.0,-0.9933069029543691,0.0,-0.11550496328383263,0.1623942864937763,0.0,0.4932777164904395,0.0
-0.11673901026371675,0.0,0.9931626269059101,0.0,1.0,0.0,-0.9931626269059101,0.0,-0.11673901026371675,0.16413098341865304,0.0,0.4931036864056535,0.0
-0.11797923110856436,0.0,0.9930160628242788,0.0,1.0,0.0,-0.9930160628242788,0.0,-0.11797923110856436,0.16587640526206843,0.0,0.4929265857233058,0.0
-0.11922559953926204,0.0,0.9928671897159779,0.0,1.0,0.0,-0.9928671897159779,0.0,-0.11922559953926204,0.16763051559909997,0.0,0.4927463843463008,0.0
-0.12047808892709176,0.0,0.9927159866187689,0.0,1.0,0.0,-0.9927159866187689,0.0,-0.12047808892709176,0.16939327751304323,0.0,0.49256305221334123,0.0
-0.1217366722954402,0.0,0.9925624326048376,0.0,1.0,0.0,-0.9925624326048376,0.0,-0.1217366722954402,0.17116465359773922,0.0,0.49237655930341334,0.0
-0.12300132232152475,0.0,0.9924065067839672,0.0,1.0,0.0,-0.9924065067839672,0.0,-0.12300132232152475,0.17294460595992528,0.0,0.4921868756402849,0.0
-0.12427201133813404,0.0,0.9922481883067233,0.0,1.0,0.0,-0.9922481883067233,0.0,-0.12427201133813404,0.174733096221606,0.0,0.49199397129701794,0.0
-0.12554871133538426,0.0,0.9920874563676452,0.0,1.0,0.0,-0.9920874563676452,0.0,-0.12554871133538426,0.17653008552244584,0.0,0.4917978164004931,0.0
-0.1268313939624913,0.0,0.991924290208447,0.0,1.0,0.0,-0.991924290208447,0.0,-0.1268313939624913,0.17833553452218448,0.0,0.49159838113594667,0.0
-0.12812003052955828,0.0,0.9917586691212258,0.0,1.0,0.0,-0.9917586691212258,0.0,-0.12812003052955828,0.1801494034030729,0.0,0.4913956357515181,0.0
-0.12941459200937963,0.0,0.9915905724516777,0.0,1.0,0.0,-0.9915905724516777,0.0,-0.12941459200937963,0.18197165187233288,0.0,0.4911895505628094,0.0
-0.130715049039261,0.0,0.9914199796023195,0.0,1.0,0.0,-0.9914199796023195,0.0,-0.130715049039261,0.1838022391646386,0.0,0.4909800959574521,0.0
-0.13202137192285576,0.0,0.9912468700357177,0.0,1.0,0.0,-0.9912468700357177,0.0,-0.13202137192285576,0.18564112404462121,0.0,0.49076724239968567,0.0
-0.13333353063201756,0.0,0.9910712232777222,0.0,1.0,0.0,-0.9910712232777222,0.0,-0.13333353063201756,0.18748826480939604,0.0,0.490550960434943,0.0
-0.13465149480867014,0.0,0.990893018920706,0.0,1.0,0.0,-0.990893018920706,0.0,-0.13465149480867014,0.18934361929111374,0.0,0.490331220694443,0.0
-0.13597523376669335,0.0,0.9907122366268083,0.0,1.0,0.0,-0.9907122366268083,0.0,-0.13597523376669335,0.1912071448595343,0.0,0.49010799389979093,0.0
-0.13730471649382658,0.0,0.990528856131183,0.0,1.0,0.0,-0.990528856131183,0.0,-0.13730471649382658,0.19307879842462503,0.0,0.4898812508675847,0.0
-0.138639911653589,0.0,0.9903428572452497,0.0,1.0,0.0,-0.9903428572452497,0.0,-0.138639911653589,0.19495853643918262,0.0,0.489650962514026,0.0
-0.13998078758721694,0.0,0.9901542198599481,0.0,1.0,0.0,-0.9901542198599481,0.0,-0.13998078758721694,0.19684631490147886,0.0,0.48941709985953624,0.0
-0.14132731231561907,0.0,0.9899629239489949,0.0,1.0,0.0,-0.9899629239489949,0.0,-0.14132731231561907,0.1987420893579311,0.0,0.4891796340333768,0.0
-0.1426794535413483,0.0,0.9897689495721425,0.0,1.0,0.0,-0.9897689495721425,0.0,-0.1426794535413483,0.20064581490579692,0.0,0.48893853627827166,0.0
-0.1440371786505919,0.0,0.9895722768784387,0.0,1.0,0.0,-0.9895722768784387,0.0,-0.1440371786505919,0.2025574461958932,0.0,0.4886937779550327,0.0
-0.14540045471517937,0.0,0.9893728861094886,0.0,1.0,0.0,-0.9893728861094886,0.0,-0.14540045471517937,0.2044769374353414,0.0,0.48844533054718686,0.0
-0.14676924849460715,0.0,0.9891707576027146,0.0,1.0,0.0,-0.9891707576027146,0.0,-0.14676924849460715,0.2064042423903354,0.0,0.4881931656656035,0.0
-0.1481435264380827,0.0,0.9889658717946181,0.0,1.0,0.0,-0.9889658717946181,0.0,-0.1481435264380827,0.20833931438893724,0.0,0.4879372550531224,0.0
-0.14952325468658562,0.0,0.98875820922404,0.0,1.0,0.0,-0.98875820922404,0.0,-0.14952325468658562,0.2102821063238965,0.0,0.48767757058918104,0.0
-0.15090839907494702,0.0,0.9885477505354188,0.0,1.0,0.0,-0.9885477505354188,0.0,-0.15090839907494702,0.2122325706554952,0.0,0.48741408429443983,0.0
-0.15229892513394744,0.0,0.9883344764820482,0.0,1.0,0.0,-0.9883344764820482,0.0,-0.15229892513394744,0.21419065941441962,0.0,0.4871467683354064,0.0
-0.15369479809243278,0.0,0.9881183679293318,0.0,1.0,0.0,-0.9881183679293318,0.0,-0.15369479809243278,0.21615632420465591,0.0,0.48687559502905553,0.0
-0.155095982879449,0.0,0.9878994058580346,0.0,1.0,0.0,-0.9878994058580346,0.0,-0.155095982879449,0.21812951620641424,0.0,0.4866005368474463,0.0
-0.15650244412639436,0.0,0.9876775713675313,0.0,1.0,0.0,-0.9876775713675313,0.0,-0.15650244412639436,0.22011018617907527,0.0,0.4863215664223348,0.0
-0.15791414616919194,0.0,0.9874528456790507,0.0,1.0,0.0,-0.9874528456790507,0.0,-0.15791414616919194,0.22209828446416766,0.0,0.4860386565497809,0.0
-0.15933105305047873,0.0,0.9872252101389153,0.0,1.0,0.0,-0.9872252101389153,0.0,-0.15933105305047873,0.22409376098836672,0.0,0.4857517801947502,0.0
-0.16075312852181492,0.0,0.986994646221776,0.0,1.0,0.0,-0.986994646221776,0.0,-0.16075312852181492,0.2260965652665233,0.0,0.48546091049570794,0.0
-0.16218033604591123,0.0,0.986761135533841,0.0,1.0,0.0,-0.986761135533841,0.0,-0.16218033604591123,0.228106646404717,0.0,0.48516602076920673,0.0
-0.16361263879887536,0.0,0.9865246598160984,0.0,1.0,0.0,-0.9865246598160984,0.0,-0.16361263879887536,0.23012395310333705,0.0,0.48486708451446453,0.0
-0.16504999967247694,0.0,0.9862852009475329,0.0,1.0,0.0,-0.9862852009475329,0.0,-0.16504999967247694,0.23214843366018884,0.0,0.484564075417936,0.0
-0.1664923812764316,0.0,0.986042740948334,0.0,1.0,0.0,-0.986042740948334,0.0,-0.1664923812764316,0.23418003597362794,0.0,0.48425696735787105,0.0
